0	1
2	3
4	5
4	6
7	8
9	10
11	12
13	14
15	16
17	18
19	20
21	22
23	24
25	26
27	28
29	30
31	32
33	34
35	36
37	38
37	39
37	40
37	41
43	44
45	46
47	48
47	49
47	50
49	50
51	52
53	54
55	56
57	58
59	60
61	62
63	64
65	66
67	68
69	70
71	72
73	74
75	76
77	78
79	80
81	82
83	84
85	86
87	88
89	90
91	92
93	94
95	96
98	99
100	101
100	102
100	103
104	105
106	107
108	109
110	111
112	113
114	115
114	116
117	118
119	120
119	121
119	122
123	124
125	44
126	127
128	129
128	130
131	132
133	134
135	136
137	138
139	140
141	142
143	144
145	146
147	148
149	150
151	152
154	155
156	157
158	159
160	161
163	164
165	166
167	168
169	170
171	172
171	173
172	173
175	176
177	178
179	180
181	182
183	44
184	185
186	187
188	189
190	191
192	193
194	195
196	197
198	199
200	201
202	203
204	205
206	207
208	209
210	211
212	213
214	215
216	217
216	218
219	220
219	221
219	222
223	224
225	226
227	228
230	231
232	233
235	236
237	238
239	240
241	242
243	244
245	246
247	248
250	251
252	253
254	255
256	257
256	258
259	260
261	262
263	264
263	265
264	265
266	267
268	269
270	271
272	273
274	275
277	278
279	280
279	281
279	282
283	284
283	285
286	28
288	289
290	291
292	293
294	295
296	297
298	299
300	301
300	265
301	265
302	303
304	305
306	307
308	309
310	311
310	312
310	313
310	314
315	316
317	318
317	50
318	50
319	320
321	322
323	324
325	326
327	328
329	330
331	332
333	334
335	336
337	338
339	340
341	342
343	344
345	346
345	347
345	348
345	349
350	351
352	353
354	355
356	357
358	359
360	361
362	363
364	346
364	347
364	348
364	349
365	366
367	368
369	370
371	372
373	374
375	376
377	378
379	380
381	382
383	384
385	386
387	388
389	390
389	391
392	393
394	395
396	397
396	398
396	399
396	400
401	220
401	402
401	222
403	404
403	405
406	407
408	28
409	410
411	412
413	414
413	415
416	417
418	419
420	421
422	423
424	269
425	426
427	428
430	431
432	433
434	435
436	437
438	439
440	441
442	443
445	446
447	448
449	450
451	452
451	453
452	453
454	455
456	457
458	459
460	461
462	463
464	465
467	468
469	470
471	472
473	474
475	476
477	478
479	480
481	482
483	484
485	486
487	488
489	490
491	492
493	494
495	496
497	498
499	500
501	502
503	504
505	506
507	508
509	510
511	512
513	495
514	515
516	517
518	519
520	521
522	523
53	524
525	526
527	528
529	530
531	532
533	534
536	537
538	539
541	542
543	544
545	546
547	548
549	550
551	552
553	554
555	556
557	558
97	559
560	561
562	563
564	565
566	567
568	569
570	571
572	573
574	575
576	577
578	44
579	580
581	582
583	584
585	586
587	588
589	590
591	592
593	594
158	595
596	597
598	599
600	601
602	603
604	605
606	607
608	609
610	611
612	613
614	615
616	617
618	619
620	621
622	623
624	625
626	627
628	629
630	631
632	633
634	635
636	637
638	639
640	641
642	643
644	645
646	647
648	649
650	651
652	653
654	655
656	657
658	659
660	661
662	663
234	664
665	666
667	668
669	670
671	672
673	674
675	676
677	678
679	680
681	682
683	684
685	686
687	688
689	690
287	691
692	693
694	695
696	697
696	698
697	698
699	700
701	702
703	704
705	706
705	707
706	707
708	709
708	710
709	710
711	712
711	713
712	713
714	715
716	717
718	719
720	721
722	723
724	725
726	727
317	728
729	730
732	733
734	735
736	737
738	739
738	740
739	740
741	742
741	743
742	743
352	745
746	747
748	749
364	750
364	751
364	752
364	753
750	751
750	752
750	753
751	752
751	753
752	753
754	755
756	757
758	759
760	761
762	763
379	764
379	765
764	765
766	767
768	769
770	771
772	773
774	775
776	777
778	779
403	780
781	782
783	784
783	785
784	785
786	787
788	789
790	791
792	793
792	794
792	795
792	796
792	797
793	794
793	795
793	796
793	797
794	795
794	796
794	797
795	796
795	797
796	797
798	799
798	800
798	801
799	800
799	801
800	801
802	803
466	804
466	805
466	806
804	805
804	806
805	806
807	808
807	809
808	809
810	811
812	813
814	815
816	817
429	818
819	820
821	822
823	824
825	826
825	827
826	827
828	829
830	831
832	833
834	835
836	837
836	838
837	838
839	840
841	842
843	844
845	846
845	847
846	847
848	849
848	850
848	851
849	850
849	851
850	851
852	853
854	855
856	857
856	858
857	858
859	860
859	861
859	862
859	863
860	861
860	862
860	863
861	862
861	863
862	863
864	865
864	866
864	867
864	868
864	869
865	866
865	867
865	868
865	869
866	867
866	868
866	869
867	868
867	869
868	869
870	871
870	743
870	872
871	743
871	872
743	872
873	874
875	876
877	878
877	879
877	880
878	879
878	880
879	880
881	882
883	884
495	885
886	887
888	889
890	891
890	892
891	892
893	894
893	173
893	895
894	173
894	895
173	895
896	897
898	899
898	900
898	901
898	902
898	903
898	904
898	905
898	906
899	900
899	901
899	902
899	903
899	904
899	905
899	906
900	901
900	902
900	903
900	904
900	905
900	906
901	902
901	903
901	904
901	905
901	906
902	903
902	904
902	905
902	906
903	904
903	905
903	906
904	905
904	906
905	906
907	908
909	910
911	912
911	913
911	914
912	913
912	914
913	914
33	44
915	916
915	917
916	917
918	919
918	920
919	920
921	922
921	923
921	924
921	925
921	926
922	923
922	924
922	925
922	926
923	924
923	925
923	926
924	925
924	926
925	926
927	928
929	930
929	931
929	932
929	933
929	934
929	932
929	935
930	931
930	932
930	933
930	934
930	932
930	935
931	932
931	933
931	934
931	932
931	935
932	933
932	934
932	932
932	935
933	934
933	932
933	935
934	932
934	935
932	935
936	937
936	938
937	938
939	940
939	941
939	942
940	941
940	942
941	942
943	944
943	945
943	946
944	945
944	946
945	946
947	948
949	950
951	952
951	953
952	953
61	954
61	955
61	956
954	955
954	956
955	956
957	958
957	959
957	960
957	961
957	962
958	959
958	960
958	961
958	962
959	960
959	961
959	962
960	961
960	962
961	962
963	964
965	966
965	967
966	967
968	969
970	971
970	972
971	972
973	974
975	976
975	977
975	978
976	977
976	978
977	978
979	980
979	981
979	982
979	983
980	981
980	982
980	983
981	982
981	983
982	983
984	985
984	986
985	986
987	988
987	989
988	989
990	991
990	989
991	989
540	992
540	993
540	994
992	993
992	994
993	994
995	952
996	997
996	998
996	999
997	998
997	999
998	999
1000	1001
1000	1002
1000	1003
1001	1002
1001	1003
1002	1003
77	1004
77	1005
77	1006
1004	1005
1004	1006
1005	1006
1007	1008
1007	1009
1008	1009
1010	1011
1010	1012
1011	1012
1013	1014
1013	1015
1014	1015
1016	1017
1018	1019
1018	1020
1018	1021
1018	1022
1018	1023
1019	1020
1019	1021
1019	1022
1019	1023
1020	1021
1020	1022
1020	1023
1021	1022
1021	1023
1022	1023
1024	1025
1024	1026
1025	1026
1027	1028
1027	1029
1027	1030
1027	1031
1027	1032
1027	1033
1028	1029
1028	1030
1028	1031
1028	1032
1028	1033
1029	1030
1029	1031
1029	1032
1029	1033
1030	1031
1030	1032
1030	1033
1031	1032
1031	1033
1032	1033
1034	1035
1036	1037
1036	1038
1036	1039
1037	1038
1037	1039
1038	1039
1040	1041
1040	1042
1041	1042
1043	1044
1043	1045
1043	1046
1043	1047
1043	1048
1043	1049
1043	1050
1043	1051
1043	1052
1043	1053
1043	1054
1043	1055
1043	1056
1043	1057
1043	1058
1043	1059
1044	1045
1044	1046
1044	1047
1044	1048
1044	1049
1044	1050
1044	1051
1044	1052
1044	1053
1044	1054
1044	1055
1044	1056
1044	1057
1044	1058
1044	1059
1045	1046
1045	1047
1045	1048
1045	1049
1045	1050
1045	1051
1045	1052
1045	1053
1045	1054
1045	1055
1045	1056
1045	1057
1045	1058
1045	1059
1046	1047
1046	1048
1046	1049
1046	1050
1046	1051
1046	1052
1046	1053
1046	1054
1046	1055
1046	1056
1046	1057
1046	1058
1046	1059
1047	1048
1047	1049
1047	1050
1047	1051
1047	1052
1047	1053
1047	1054
1047	1055
1047	1056
1047	1057
1047	1058
1047	1059
1048	1049
1048	1050
1048	1051
1048	1052
1048	1053
1048	1054
1048	1055
1048	1056
1048	1057
1048	1058
1048	1059
1049	1050
1049	1051
1049	1052
1049	1053
1049	1054
1049	1055
1049	1056
1049	1057
1049	1058
1049	1059
1050	1051
1050	1052
1050	1053
1050	1054
1050	1055
1050	1056
1050	1057
1050	1058
1050	1059
1051	1052
1051	1053
1051	1054
1051	1055
1051	1056
1051	1057
1051	1058
1051	1059
1052	1053
1052	1054
1052	1055
1052	1056
1052	1057
1052	1058
1052	1059
1053	1054
1053	1055
1053	1056
1053	1057
1053	1058
1053	1059
1054	1055
1054	1056
1054	1057
1054	1058
1054	1059
1055	1056
1055	1057
1055	1058
1055	1059
1056	1057
1056	1058
1056	1059
1057	1058
1057	1059
1058	1059
1060	1061
1060	1062
1061	1062
1063	1064
1063	1065
1063	1066
1063	1067
1064	1065
1064	1066
1064	1067
1065	1066
1065	1067
1066	1067
1068	1069
1068	1070
1068	1071
1069	1070
1069	1071
1070	1071
1072	1073
1072	1074
1072	1075
1072	1076
1073	1074
1073	1075
1073	1076
1074	1075
1074	1076
1075	1076
1077	1078
1079	1080
1079	1081
1080	1081
1082	1083
1082	1084
1082	1085
1083	1084
1083	1085
1084	1085
1086	1087
1086	1088
1086	1089
1086	1090
1086	1091
1087	1088
1087	1089
1087	1090
1087	1091
1088	1089
1088	1090
1088	1091
1089	1090
1089	1091
1090	1091
1092	1093
1092	1094
1093	1094
1095	1096
1095	1097
1095	1098
1095	1099
1096	1097
1096	1098
1096	1099
1097	1098
1097	1099
1098	1099
1100	134
1101	1102
1103	1104
1103	1105
1104	1105
587	1106
587	1107
1106	1107
153	1108
153	1109
1108	1109
1110	1111
1112	1113
1114	1115
1114	1116
1114	1117
1114	1118
1115	1116
1115	1117
1115	1118
1116	1117
1116	1118
1117	1118
1119	1120
1121	1122
1123	1124
1123	1125
1124	1125
162	1126
1127	1128
1129	1130
1129	1131
1129	944
1129	1132
1130	1131
1130	944
1130	1132
1131	944
1131	1132
944	1132
1133	1134
174	1135
1136	1137
1138	1139
1138	1140
1139	1140
1141	1142
1143	1144
1143	1145
1143	1146
1143	1147
1143	1148
1144	1145
1144	1146
1144	1147
1144	1148
1145	1146
1145	1147
1145	1148
1146	1147
1146	1148
1147	1148
1149	1150
1152	1153
1154	1155
1156	1157
1156	1158
1156	1159
1156	863
1157	1158
1157	1159
1157	863
1158	1159
1158	863
1159	863
1160	1161
1160	1162
1160	1163
1160	1164
1161	1162
1161	1163
1161	1164
1162	1163
1162	1164
1163	1164
1165	1166
1165	1167
1165	1168
1165	1169
1166	1167
1166	1168
1166	1169
1167	1168
1167	1169
1168	1169
1170	1171
1170	1172
1171	1172
1173	1174
1173	1175
1174	1175
1176	1177
1178	1179
1178	1180
1178	1181
1179	1180
1179	1181
1180	1181
1183	1184
1183	1185
1184	1185
1186	1168
1186	1166
1186	1187
1186	1169
1168	1166
1168	1187
1168	1169
1166	1187
1166	1169
1187	1169
1188	1189
1188	1190
1188	1191
1188	1192
1189	1190
1189	1191
1189	1192
1190	1191
1190	1192
1191	1192
1193	1194
1193	1195
1193	1196
1193	1197
1193	743
1193	1198
1194	1195
1194	1196
1194	1197
1194	743
1194	1198
1195	1196
1195	1197
1195	743
1195	1198
1196	1197
1196	743
1196	1198
1197	743
1197	1198
743	1198
1199	1200
1199	1201
1200	1201
1202	1203
229	1204
1205	1206
1207	1208
1207	1209
1207	1210
1208	1209
1208	1210
1209	1210
1211	1212
1211	1213
1211	1214
1212	1213
1212	1214
1213	1214
1215	1216
1215	1217
1216	1217
1218	1219
1220	1221
1222	28
1222	1223
28	1223
1224	1225
1224	1226
1225	1226
1227	1228
1229	1230
1229	1231
1230	1231
1232	1233
1232	1234
1233	1234
1235	1236
1235	1237
1235	1238
1235	1239
1235	1240
1235	1241
1236	1237
1236	1238
1236	1239
1236	1240
1236	1241
1237	1238
1237	1239
1237	1240
1237	1241
1238	1239
1238	1240
1238	1241
1239	1240
1239	1241
1240	1241
1242	1243
1242	1244
1242	1245
1243	1244
1243	1245
1244	1245
1246	1247
1246	1248
1246	1249
1246	1250
1246	1251
1246	1252
1246	1253
1246	1254
1246	1255
1246	1256
1247	1248
1247	1249
1247	1250
1247	1251
1247	1252
1247	1253
1247	1254
1247	1255
1247	1256
1248	1249
1248	1250
1248	1251
1248	1252
1248	1253
1248	1254
1248	1255
1248	1256
1249	1250
1249	1251
1249	1252
1249	1253
1249	1254
1249	1255
1249	1256
1250	1251
1250	1252
1250	1253
1250	1254
1250	1255
1250	1256
1251	1252
1251	1253
1251	1254
1251	1255
1251	1256
1252	1253
1252	1254
1252	1255
1252	1256
1253	1254
1253	1255
1253	1256
1254	1255
1254	1256
1255	1256
1257	1258
1257	1259
1258	1259
1260	1261
1262	1263
1262	1264
1262	1265
1262	1266
1263	1264
1263	1265
1263	1266
1264	1265
1264	1266
1265	1266
1267	1268
1267	1269
1268	1269
1270	1271
1272	1195
1272	1196
1272	1273
1272	1274
1195	1196
1195	1273
1195	1274
1196	1273
1196	1274
1273	1274
1275	1276
1275	1277
1276	1277
1278	1279
1278	1280
1279	1280
1281	1282
1281	1283
1281	1284
1282	1283
1282	1284
1283	1284
1285	1286
1287	1288
1289	1290
1289	1291
1289	1292
1290	1291
1290	1292
1291	1292
1293	1294
1293	1295
1293	1296
1294	1295
1294	1296
1295	1296
1297	1298
1297	1299
1297	1300
1298	1299
1298	1300
1299	1300
274	1301
1302	1303
1304	1305
1304	892
1305	892
1306	1307
1308	1309
1308	1310
1308	1311
1309	1310
1309	1311
1310	1311
1312	1313
1312	1314
1312	1315
1313	1314
1313	1315
1314	1315
1316	1317
1318	1319
1318	1320
1319	1320
1321	1322
1323	1324
1323	1325
1323	1326
1323	1327
1324	1325
1324	1326
1324	1327
1325	1326
1325	1327
1326	1327
1328	1329
1328	1330
1328	1331
1328	1332
1328	1333
1328	1334
1329	1330
1329	1331
1329	1332
1329	1333
1329	1334
1330	1331
1330	1332
1330	1333
1330	1334
1331	1332
1331	1333
1331	1334
1332	1333
1332	1334
1333	1334
1335	1336
1335	1337
1335	1338
1336	1337
1336	1338
1337	1338
1339	1340
1341	1342
1343	1344
1345	1346
1345	1347
1345	1348
1345	1349
1346	1347
1346	1348
1346	1349
1347	1348
1347	1349
1348	1349
1350	1351
1350	1352
1351	1352
1353	1354
1353	1355
1353	1356
1354	1355
1354	1356
1355	1356
1357	1358
1359	1360
1361	1362
1363	1364
1363	1365
1364	1365
1366	1367
1366	1368
1367	1368
1369	1370
1371	1372
1371	1373
1372	1373
329	1374
329	1375
1374	1375
1376	1377
1378	1379
1378	1380
1378	1381
1378	1382
1378	1383
1378	1384
1379	1380
1379	1381
1379	1382
1379	1383
1379	1384
1380	1381
1380	1382
1380	1383
1380	1384
1381	1382
1381	1383
1381	1384
1382	1383
1382	1384
1383	1384
1385	1386
1385	1387
1386	1387
1388	1389
1390	1391
1390	1392
1391	1392
1393	1394
1395	1396
1397	1398
1397	1399
1397	1400
1397	1401
1398	1399
1398	1400
1398	1401
1399	1400
1399	1401
1400	1401
1402	1403
1404	1405
1404	1406
1405	1406
1407	1408
1409	1410
1409	1411
1409	1412
1409	1413
1410	1411
1410	1412
1410	1413
1411	1412
1411	1413
1412	1413
1414	1415
1416	1417
1416	1418
1416	1419
1417	1418
1417	1419
1418	1419
1420	1421
1420	1422
1421	1422
1423	1424
1423	1425
1423	1426
1424	1425
1424	1426
1425	1426
1427	1428
1429	344
1429	1430
344	1430
1431	1432
1431	1015
1432	1015
1433	1434
1435	1436
1435	1437
1435	1438
1435	1439
1436	1437
1436	1438
1436	1439
1437	1438
1437	1439
1438	1439
1440	1441
1440	1442
1440	1443
1441	1442
1441	1443
1442	1443
1444	1445
1444	1446
1445	1446
1447	1448
1447	1449
1448	1449
1450	1451
1450	1452
1450	1453
1451	1452
1451	1453
1452	1453
1454	1455
1456	1457
1456	1458
1457	1458
1459	1460
1459	1461
1459	1462
1459	1463
1459	1464
1459	1465
1460	1461
1460	1462
1460	1463
1460	1464
1460	1465
1461	1462
1461	1463
1461	1464
1461	1465
1462	1463
1462	1464
1462	1465
1463	1464
1463	1465
1464	1465
1466	1467
1468	1469
1470	1471
1470	1472
1471	1472
1473	1474
1475	1476
1475	1477
1475	1478
1475	1479
1476	1477
1476	1478
1476	1479
1477	1478
1477	1479
1478	1479
1480	1481
1482	1483
1482	1484
1483	1484
1485	1486
1485	1487
1485	1488
1486	1487
1486	1488
1487	1488
1489	1490
1491	1492
1491	1493
1492	1493
1494	1495
1494	1496
1494	1497
1495	1496
1495	1497
1496	1497
1498	1499
1498	1500
1499	1500
1501	1502
1503	1504
1503	1505
1503	1506
1504	1505
1504	1506
1505	1506
1507	1508
1507	1509
1507	1510
1507	1511
1508	1509
1508	1510
1508	1511
1509	1510
1509	1511
1510	1511
1512	1513
1514	1515
1514	1516
1514	1517
1514	1518
1514	1517
1515	1516
1515	1517
1515	1518
1515	1517
1516	1517
1516	1518
1516	1517
1517	1518
1517	1517
1518	1517
1519	1520
1521	1522
1523	1524
1523	1525
1523	1526
1524	1525
1524	1526
1525	1526
1527	1528
1527	1529
1528	1529
445	1530
1531	1532
1533	1534
1535	1536
1535	1537
1535	1538
1536	1537
1536	1538
1537	1538
1539	1540
1539	1541
1539	1542
1540	1541
1540	1542
1541	1542
1543	1544
1543	1415
1543	1545
1543	1546
1543	1547
1543	1548
1543	1549
1544	1415
1544	1545
1544	1546
1544	1547
1544	1548
1544	1549
1415	1545
1415	1546
1415	1547
1415	1548
1415	1549
1545	1546
1545	1547
1545	1548
1545	1549
1546	1547
1546	1548
1546	1549
1547	1548
1547	1549
1548	1549
1550	1551
1550	1552
1551	1552
1553	1554
1553	1555
1553	1556
1554	1555
1554	1556
1555	1556
1557	1558
1559	1560
1561	1562
1563	1564
1563	1565
1564	1565
1566	1567
1568	1569
1568	1570
1568	1571
1569	1570
1569	1571
1570	1571
1572	1573
1572	1574
1573	1574
1575	1576
1575	1577
1576	1577
1578	1579
1578	1580
1579	1580
1581	1582
1583	1584
1585	44
1586	1587
1588	1589
1590	1591
1592	1593
1594	1595
1596	1597
1598	44
1599	1600
1599	1601
1600	1601
1602	1603
481	1604
481	1605
481	1606
1604	1605
1604	1606
1605	1606
1607	1608
1607	1609
1608	1609
1610	1611
1610	1612
1611	1612
1613	1614
1615	44
1616	44
1617	1618
1619	44
1620	44
1621	44
1622	1623
1624	1625
1624	1626
1624	1627
1625	1626
1625	1627
1626	1627
1628	44
1629	44
1630	1631
1632	1633
1634	1635
1636	1637
1636	1638
1637	1638
1639	1640
1641	1642
1643	1644
42	1645
1646	1647
1648	1649
1650	1651
1652	1653
1652	1654
1652	1655
1653	1654
1653	1655
1654	1655
1656	1657
1658	44
1659	1660
57	1661
1662	1663
1664	44
1665	1666
1667	1668
1669	1670
1671	44
970	1672
535	1673
1674	1675
1676	1677
1678	1679
1680	1681
1680	1682
1681	1682
110	1683
1684	1685
1686	1687
1688	1689
1690	1691
1692	1693
1694	1695
93	1696
1697	1698
1699	1700
1701	1702
1703	1704
1705	1706
1707	1708
131	1709
1710	1711
1710	1712
1710	1713
1711	1712
1711	1713
1712	1713
1714	1715
1716	1717
1718	1719
1092	1720
1721	1722
1723	1722
1724	1725
1726	1727
1726	1728
1727	1728
1729	1730
1731	1732
1733	1734
158	1735
1736	1737
1738	1739
1740	1741
1742	1743
1744	1745
612	1746
1747	1748
1749	1750
1693	1692
1136	1751
1752	1753
1754	1755
1756	1757
1151	1758
1759	1760
634	1761
1762	1763
1764	1765
1766	1767
1768	1769
196	1770
1771	1772
1773	1774
1178	1775
1776	1777
1778	1779
1182	1780
1781	1782
1781	1783
1782	1783
225	1784
1785	1786
1785	1787
1785	1788
1785	1789
1786	1787
1786	1788
1786	1789
1787	1788
1787	1789
1788	1789
229	1790
1791	1792
1793	1794
1795	1796
1797	1798
1799	1800
1799	1801
1800	1801
1802	1803
1802	1804
1803	1804
235	1805
1806	1807
1808	1809
1808	1810
1808	1811
1808	1812
1808	50
1808	1813
1808	1814
1809	1810
1809	1811
1809	1812
1809	50
1809	1813
1809	1814
1810	1811
1810	1812
1810	50
1810	1813
1810	1814
1811	1812
1811	50
1811	1813
1811	1814
1812	50
1812	1813
1812	1814
50	1813
50	1814
1813	1814
1816	1817
249	1818
1819	1820
1821	1822
1821	1823
1821	1824
1822	1823
1822	1824
1823	1824
1825	1826
1827	1828
1827	1829
1828	1829
1830	1831
1832	1833
1834	1835
1836	1837
1838	1839
270	1840
270	1841
270	1439
1840	1841
1840	1439
1841	1439
1842	1843
1842	1844
1843	1844
276	1845
1846	1847
1846	1848
1846	1849
1847	1848
1847	1849
1848	1849
1850	1851
1852	1853
1854	1855
1856	1857
1858	1859
1860	1861
1862	1863
1864	1865
1864	1866
1865	1866
1867	1868
1867	1869
1867	1870
1868	1869
1868	1870
1869	1870
1871	1872
1873	1874
1873	1875
1874	1875
1876	1877
1878	1879
1880	1881
722	1882
1883	1884
1883	1885
1884	1885
315	1883
315	1884
315	1886
1883	1884
1883	1886
1884	1886
1887	1888
1889	1890
1891	1892
1893	1894
1895	1896
731	1897
1898	1899
1900	1815
1901	1902
1903	1904
1903	1905
1903	1906
1903	1907
1903	1908
1903	1909
1904	1905
1904	1906
1904	1907
1904	1908
1904	1909
1905	1906
1905	1907
1905	1908
1905	1909
1906	1907
1906	1908
1906	1909
1907	1908
1907	1909
1908	1909
1910	1905
1911	1912
1913	1914
323	1915
323	1916
1915	1916
1917	1918
1395	1919
339	1920
339	1921
1920	1921
1922	1829
1923	1924
1925	1926
1927	1928
1927	1929
1928	1929
1930	1931
1932	1933
744	1934
1935	1936
1937	1938
1937	1939
1937	1940
1938	1939
1938	1940
1939	1940
1941	1942
1943	1944
364	1945
1946	1947
1948	1949
1950	1951
1952	1953
1954	1955
1956	1957
1956	1958
1957	1958
772	1959
1960	1961
1960	1962
1960	1963
1961	1962
1961	1963
1962	1963
1964	1965
1447	1966
1967	1968
1969	1970
1971	1971
1972	1973
1972	1974
1973	1974
778	1975
1976	1977
1978	1979
1980	1981
1982	1983
1984	1985
1986	1987
1986	1988
1987	1988
1989	1990
1991	1992
1993	1994
1993	1995
1994	1995
1996	1997
1998	1999
2000	2001
2000	2002
2000	2003
2001	2002
2001	2003
2002	2003
2004	2005
2006	2007
432	2008
432	2009
2008	2009
814	2010
2011	2012
2013	2014
2015	2016
444	2017
2018	2019
2020	2021
2022	2023
2024	2025
2026	2027
2028	2029
2030	2031
2032	2033
