0	1
0	2
0	3
0	4
0	998
0	669
1	2
1	3
1	4
1	669
2	3
2	4
2	998
2	234
2	669
3	4
3	998
3	669
4	669
998	705
234	10
234	11
234	12
234	20
234	21
234	185
234	594
234	60
234	61
234	62
234	63
234	63
234	64
234	65
234	66
234	67
234	68
10	11
10	12
10	20
10	21
10	52
10	55
10	56
10	74
10	77
10	78
10	80
10	81
10	82
10	84
10	92
10	93
10	94
10	96
10	153
10	185
10	189
10	255
10	300
10	314
10	315
10	357
10	405
10	494
10	519
10	583
10	584
10	594
10	700
10	701
10	786
10	787
10	788
10	60
10	879
10	880
10	876
10	883
10	881
10	882
10	1099
10	1133
10	100
10	159
10	187
10	310
10	311
10	313
10	316
10	317
10	318
10	319
10	320
10	321
10	322
10	323
10	324
10	325
10	326
10	327
10	323
10	328
10	495
10	496
10	497
10	495
10	663
10	664
10	690
10	825
10	827
10	916
10	917
10	918
10	920
10	969
10	1170
10	1172
10	55
10	1173
10	61
10	62
10	63
10	63
10	64
10	65
10	66
10	67
10	68
10	305
10	304
10	306
10	302
10	303
10	469
10	470
10	671
10	672
10	673
10	674
10	675
10	676
10	677
10	678
10	679
10	680
10	681
10	682
10	794
10	795
10	829
10	831
10	832
10	911
10	1084
10	1085
10	1086
10	1138
10	1139
10	1140
10	1142
10	780
10	186
10	199
10	995
10	1221
11	12
11	20
11	21
11	28
11	50
11	52
11	53
11	55
11	56
11	74
11	77
11	80
11	82
11	84
11	88
11	92
11	93
11	94
11	96
11	153
11	162
11	163
11	164
11	167
11	168
11	169
11	170
11	171
11	172
11	185
11	200
11	206
11	228
11	168
11	255
11	299
11	300
11	301
11	314
11	315
11	1156
11	357
11	403
11	404
11	405
11	407
11	476
11	494
11	512
11	513
11	514
11	515
11	519
11	520
11	521
11	563
11	564
11	565
11	566
11	567
11	568
11	569
11	570
11	571
11	588
11	589
11	594
11	644
11	645
11	646
11	647
11	648
11	649
11	650
11	651
11	652
11	653
11	654
11	655
11	655
11	700
11	701
11	60
11	828
11	1028
11	1029
11	1030
11	1031
11	1035
11	1036
11	1038
11	1039
11	1040
11	1041
11	1042
11	1043
11	1044
11	1045
11	1046
11	1047
11	1050
11	1051
11	1052
11	1048
11	1053
11	1055
11	1061
11	1099
11	1115
11	1116
11	1117
11	1118
11	1119
11	1120
11	1121
11	1122
11	1127
11	1128
11	1129
11	1130
11	1131
11	1132
11	1133
11	1134
11	1135
11	1157
11	1191
11	71
11	72
11	85
11	842
11	191
11	192
11	194
11	236
11	1098
11	1123
11	346
11	1190
11	293
11	294
11	295
11	297
11	355
11	356
11	356
11	358
11	359
11	360
11	361
11	362
11	363
11	1192
11	364
11	365
11	366
11	368
11	369
11	370
11	371
11	400
11	451
11	690
11	757
11	69
11	808
11	809
11	406
11	811
11	813
11	101
11	815
11	817
11	105
11	106
11	821
11	822
11	110
11	823
11	824
11	869
11	885
11	886
11	887
11	888
11	889
11	890
11	891
11	892
11	893
11	894
11	895
11	896
11	897
11	898
11	899
11	900
11	901
11	973
11	990
11	991
11	992
11	993
11	994
11	1001
11	1002
11	1003
11	1004
11	1005
11	1006
11	1007
11	1008
11	1009
11	1010
11	1011
11	1012
11	1013
11	1014
11	1015
11	1016
11	1017
11	1018
11	1019
11	204
11	205
11	207
11	208
11	220
11	223
11	224
11	1155
11	842
11	55
11	1174
11	1206
11	5
11	7
11	9
11	8
11	6
11	61
11	62
11	63
11	63
11	64
11	65
11	66
11	67
11	68
11	329
11	330
11	333
11	334
11	335
11	336
11	337
11	338
11	339
11	340
11	341
11	343
11	344
11	339
11	1183
11	347
11	348
11	349
11	350
11	351
11	352
11	354
11	452
11	454
11	455
11	457
11	593
11	829
11	831
11	832
11	1138
11	1139
11	1140
11	1142
12	20
12	21
12	55
12	84
12	88
12	96
12	153
12	185
12	200
12	228
12	255
12	300
12	314
12	315
12	1156
12	357
12	405
12	476
12	519
12	594
12	701
12	60
12	828
12	1191
12	236
12	1098
12	1123
12	346
12	1190
12	293
12	294
12	295
12	297
12	355
12	356
12	356
12	358
12	359
12	360
12	361
12	362
12	363
12	1192
12	364
12	365
12	366
12	368
12	369
12	370
12	371
12	451
12	690
12	885
12	886
12	887
12	888
12	889
12	890
12	891
12	892
12	893
12	894
12	895
12	896
12	897
12	898
12	899
12	900
12	901
12	916
12	917
12	918
12	920
12	997
12	55
12	1174
12	61
12	62
12	63
12	63
12	64
12	65
12	66
12	67
12	68
12	1084
12	1085
12	1086
20	21
20	50
20	55
20	84
20	88
20	96
20	185
20	200
20	255
20	299
20	300
20	301
20	307
20	314
20	315
20	357
20	494
20	570
20	571
20	594
20	60
20	1099
20	451
20	495
20	496
20	497
20	495
20	663
20	664
20	885
20	886
20	887
20	888
20	889
20	890
20	891
20	892
20	893
20	894
20	895
20	896
20	897
20	898
20	899
20	900
20	901
20	61
20	62
20	63
20	63
20	64
20	65
20	66
20	67
20	68
21	50
21	55
21	84
21	88
21	96
21	185
21	200
21	255
21	299
21	300
21	301
21	307
21	314
21	315
21	357
21	494
21	570
21	571
21	594
21	60
21	1099
21	451
21	495
21	496
21	497
21	495
21	663
21	664
21	885
21	886
21	887
21	888
21	889
21	890
21	891
21	892
21	893
21	894
21	895
21	896
21	897
21	898
21	899
21	900
21	901
21	61
21	62
21	63
21	63
21	64
21	65
21	66
21	67
21	68
52	53
52	55
52	56
52	189
52	194
52	296
52	372
52	373
52	374
52	380
52	375
52	376
52	377
52	965
52	967
52	1158
52	1159
52	1160
52	1161
52	1162
52	1163
52	1164
52	1165
52	1166
52	1167
52	1168
52	1169
52	1171
55	28
55	40
55	53
55	56
55	84
55	88
55	96
55	169
55	185
55	200
55	228
55	255
55	300
55	314
55	315
55	357
55	405
55	407
55	429
55	519
55	701
55	786
55	787
55	788
55	828
55	1061
55	1127
55	1128
55	1129
55	1130
55	1131
55	1132
55	1133
55	1134
55	1135
55	1148
55	1149
55	1191
55	87
55	89
55	91
55	479
55	95
55	488
55	97
55	98
55	99
55	178
55	179
55	180
55	181
55	182
55	369
55	451
55	495
55	496
55	497
55	495
55	663
55	664
55	825
55	857
55	858
55	859
55	860
55	861
55	401
55	885
55	886
55	887
55	888
55	889
55	890
55	891
55	892
55	893
55	894
55	895
55	896
55	897
55	898
55	899
55	900
55	901
55	1001
55	1002
55	1003
55	1004
55	1005
55	1006
55	1007
55	1008
55	1009
55	1010
55	1011
55	1012
55	1013
55	1014
55	1015
55	1016
55	1017
55	1018
55	1019
55	1170
55	1172
55	55
55	1173
55	1174
55	469
55	470
55	671
55	672
55	673
55	674
55	675
55	676
55	677
55	678
55	679
55	680
55	681
55	682
55	911
55	780
55	186
55	199
55	995
55	1221
56	53
56	84
56	96
56	255
56	300
56	825
56	469
56	470
56	671
56	672
56	673
56	674
56	675
56	676
56	677
56	678
56	679
56	680
56	681
56	682
74	77
74	78
74	80
74	81
74	82
74	92
74	93
74	94
77	78
77	80
77	81
77	82
77	92
77	93
77	94
78	80
78	81
78	82
80	81
80	82
80	92
80	93
80	94
81	82
82	92
82	93
82	94
84	88
84	90
84	96
84	153
84	162
84	163
84	164
84	167
84	168
84	169
84	170
84	171
84	172
84	228
84	255
84	300
84	314
84	315
84	519
84	701
84	1133
84	1191
84	1095
84	1100
84	1105
84	1107
84	554
84	1125
84	556
84	825
84	1001
84	1002
84	1003
84	1004
84	1005
84	1006
84	1007
84	1008
84	1009
84	1010
84	1011
84	1012
84	1013
84	1014
84	1015
84	1016
84	1017
84	1018
84	1019
84	469
84	470
84	671
84	672
84	673
84	674
84	675
84	676
84	677
84	678
84	679
84	680
84	681
84	682
92	93
92	94
93	94
96	153
96	228
96	255
96	300
96	315
96	357
96	494
96	1099
96	71
96	72
96	85
96	685
96	687
96	691
96	696
96	142
96	699
96	702
96	704
96	159
96	310
96	311
96	313
96	316
96	317
96	318
96	319
96	320
96	321
96	322
96	323
96	324
96	325
96	326
96	327
96	323
96	328
96	825
96	973
96	1001
96	1002
96	1003
96	1004
96	1005
96	1006
96	1007
96	1008
96	1009
96	1010
96	1011
96	1012
96	1206
96	469
96	470
96	671
96	672
96	673
96	674
96	675
96	676
96	677
96	678
96	679
96	680
96	681
96	682
153	53
153	255
153	300
153	583
153	584
153	816
153	819
153	826
153	828
153	1216
153	1217
153	1218
153	1219
153	1222
153	1227
153	14
153	15
153	16
153	17
153	18
153	23
153	24
153	25
153	26
153	126
153	794
153	795
185	200
185	255
185	315
185	357
185	405
185	519
185	594
185	786
185	787
185	788
185	60
185	451
185	458
185	885
185	886
185	887
185	888
185	889
185	890
185	891
185	892
185	893
185	894
185	895
185	896
185	897
185	898
185	899
185	900
185	901
185	1174
185	61
185	62
185	63
185	63
185	64
185	65
185	66
185	67
185	68
189	579
189	779
189	781
189	783
189	784
189	785
255	88
255	200
255	300
255	314
255	315
255	357
255	512
255	513
255	514
255	515
255	519
255	520
255	521
255	541
255	542
255	1058
255	1059
255	545
255	546
255	548
255	549
255	550
255	551
255	553
255	555
255	557
255	583
255	584
255	701
255	828
255	184
255	1061
255	1133
255	1191
255	29
255	30
255	31
255	32
255	33
255	34
255	35
255	36
255	451
255	572
255	574
255	575
255	667
255	668
255	825
255	857
255	858
255	859
255	860
255	861
255	401
255	885
255	886
255	887
255	888
255	889
255	890
255	891
255	892
255	893
255	894
255	895
255	896
255	897
255	898
255	899
255	900
255	901
255	916
255	917
255	918
255	920
255	960
255	961
255	962
255	963
255	964
255	968
255	1001
255	1002
255	1003
255	1004
255	1005
255	1006
255	1007
255	1008
255	1009
255	1010
255	1011
255	1012
255	1013
255	1014
255	1015
255	1016
255	1017
255	1018
255	1019
255	1092
255	1093
255	1094
255	1096
255	1097
255	1101
255	1102
255	1103
255	1104
255	1106
255	469
255	470
255	671
255	672
255	673
255	674
255	675
255	676
255	677
255	678
255	679
255	680
255	681
255	682
255	794
255	795
300	88
300	200
300	228
300	299
300	301
300	307
300	314
300	402
300	403
300	404
300	405
300	407
300	519
300	701
300	1115
300	1116
300	1117
300	1118
300	1119
300	1120
300	1121
300	1122
300	1127
300	1128
300	1129
300	1130
300	1131
300	1132
300	1133
300	1134
300	1135
300	1191
300	178
300	179
300	180
300	181
300	182
300	451
300	825
300	997
300	1001
300	1002
300	1003
300	1004
300	1005
300	1006
300	1007
300	1008
300	1009
300	1010
300	1011
300	1012
300	1013
300	1014
300	1015
300	1016
300	1017
300	1018
300	1019
300	469
300	470
300	593
300	671
300	672
300	673
300	674
300	675
300	676
300	677
300	678
300	679
300	680
300	681
300	682
300	1188
314	88
314	200
314	228
314	315
314	1156
314	402
314	403
314	404
314	405
314	407
314	761
314	762
314	763
314	765
314	766
314	767
314	768
314	1188
315	50
315	88
315	169
315	228
315	429
315	159
315	842
315	194
315	310
315	311
315	313
315	316
315	317
315	318
315	319
315	320
315	321
315	322
315	323
315	324
315	325
315	326
315	327
315	323
315	328
315	916
315	917
315	918
315	920
315	842
315	55
315	1174
357	88
357	200
357	871
357	879
357	880
357	876
357	883
357	881
357	882
357	987
357	1133
357	13
357	451
357	458
357	885
357	886
357	887
357	888
357	889
357	890
357	891
357	892
357	893
357	894
357	895
357	896
357	897
357	898
357	899
357	900
357	901
357	758
357	108
357	109
357	111
357	113
357	114
357	115
357	116
357	123
357	124
357	119
357	127
357	722
357	727
357	733
357	736
357	741
357	745
357	747
357	752
357	130
357	759
357	131
357	774
405	28
405	200
405	228
405	402
405	403
405	404
405	407
405	519
405	786
405	787
405	788
405	1170
405	1172
405	55
405	1173
405	1188
494	1099
519	88
519	228
519	512
519	513
519	514
519	515
519	520
519	521
519	701
519	786
519	787
519	788
519	1191
519	690
519	857
519	858
519	859
519	860
519	861
519	401
519	55
519	1174
519	593
519	1084
519	1085
519	1086
583	584
583	794
583	795
584	794
584	795
594	60
594	61
594	62
594	63
594	63
594	64
594	65
594	66
594	67
594	68
700	701
701	88
701	228
701	711
701	1191
701	205
701	270
701	271
701	273
701	274
786	787
786	788
787	788
60	61
60	62
60	63
60	63
60	64
60	65
60	66
60	67
60	68
879	880
879	876
879	883
879	881
879	882
880	876
880	883
880	881
880	882
876	883
876	881
876	882
883	881
883	882
881	882
1099	688
1099	689
1099	690
1099	692
1099	693
1099	694
1099	697
1099	698
1133	88
1133	1127
1133	1128
1133	1129
1133	1130
1133	1131
1133	1132
1133	1134
1133	1135
1133	479
1133	488
1133	97
1133	99
1133	1004
1133	1005
1133	1006
1133	1007
1133	1009
1133	1013
1133	1014
1133	1015
1133	1016
1133	1017
1133	1018
1133	1019
1133	911
1133	780
1133	186
1133	199
1133	995
1133	1221
100	228
159	310
159	311
159	313
159	316
159	317
159	318
159	319
159	320
159	321
159	322
159	323
159	324
159	325
159	326
159	327
159	323
159	328
187	55
310	311
310	313
310	316
310	317
310	318
310	319
310	320
310	321
310	322
310	323
310	324
310	325
310	326
310	327
310	323
310	328
311	313
311	316
311	317
311	318
311	319
311	320
311	321
311	322
311	323
311	324
311	325
311	326
311	327
311	323
311	328
311	408
311	409
311	410
311	411
311	1072
313	316
313	317
313	318
313	319
313	320
313	321
313	322
313	323
313	324
313	325
313	326
313	327
313	323
313	328
316	317
316	318
316	319
316	320
316	321
316	322
316	323
316	324
316	325
316	326
316	327
316	323
316	328
317	318
317	319
317	320
317	321
317	322
317	323
317	324
317	325
317	326
317	327
317	323
317	328
317	408
317	409
317	410
317	411
317	1072
318	319
318	320
318	321
318	322
318	323
318	324
318	325
318	326
318	327
318	323
318	328
318	408
318	409
318	410
318	411
318	1072
319	320
319	321
319	322
319	323
319	324
319	325
319	326
319	327
319	323
319	328
320	321
320	322
320	323
320	324
320	325
320	326
320	327
320	323
320	328
320	408
320	409
320	410
320	411
320	1072
321	322
321	323
321	324
321	325
321	326
321	327
321	323
321	328
321	408
321	409
321	410
321	411
321	1072
322	323
322	324
322	325
322	326
322	327
322	323
322	328
322	408
322	409
322	410
322	411
322	1072
323	324
323	325
323	326
323	327
323	323
323	328
323	408
323	409
323	410
323	411
323	1072
324	325
324	326
324	327
324	323
324	328
324	408
324	409
324	410
324	411
324	1072
325	326
325	327
325	323
325	328
325	408
325	409
325	410
325	411
325	1072
326	327
326	323
326	328
327	323
327	328
323	328
328	408
328	409
328	410
328	411
328	1072
495	496
495	497
495	495
495	663
495	664
496	497
496	495
496	663
496	664
497	495
497	663
497	664
495	663
495	664
663	664
690	369
690	688
690	689
690	692
690	693
690	694
690	697
690	698
690	69
690	808
690	809
690	406
690	811
690	813
690	101
690	815
690	817
690	105
690	106
690	821
690	822
690	110
690	823
690	824
690	55
690	1084
690	1085
690	1086
825	469
825	470
825	671
825	672
825	673
825	674
825	675
825	676
825	677
825	678
825	679
825	680
825	681
825	682
827	969
827	305
827	304
827	306
827	302
827	303
916	917
916	918
916	919
916	920
917	918
917	919
917	920
918	919
918	920
920	919
969	305
969	304
969	306
969	302
969	303
1170	1172
1170	55
1170	1173
1172	55
1172	1173
55	842
55	194
55	842
55	1173
55	829
55	831
55	832
55	1084
55	1085
55	1086
55	1138
55	1139
55	1140
55	1142
61	62
61	63
61	63
61	64
61	65
61	66
61	67
61	68
62	63
62	63
62	64
62	65
62	66
62	67
62	68
63	63
63	64
63	65
63	66
63	67
63	68
63	64
63	65
63	66
63	67
63	68
64	65
64	66
64	67
64	68
65	66
65	67
65	68
66	67
66	68
67	68
305	304
305	306
305	302
305	303
304	306
304	302
304	303
306	302
306	303
302	303
469	470
469	671
469	672
469	673
469	674
469	675
469	676
469	677
469	678
469	679
469	680
469	681
469	682
470	671
470	672
470	673
470	674
470	675
470	676
470	677
470	678
470	679
470	680
470	681
470	682
671	672
671	673
671	674
671	675
671	676
671	677
671	678
671	679
671	680
671	681
671	682
672	673
672	674
672	675
672	676
672	677
672	678
672	679
672	680
672	681
672	682
673	674
673	675
673	676
673	677
673	678
673	679
673	680
673	681
673	682
674	675
674	676
674	677
674	678
674	679
674	680
674	681
674	682
675	676
675	677
675	678
675	679
675	680
675	681
675	682
676	677
676	678
676	679
676	680
676	681
676	682
677	678
677	679
677	680
677	681
677	682
678	679
678	680
678	681
678	682
679	680
679	681
679	682
680	681
680	682
681	682
794	795
829	831
829	832
829	1138
829	1139
829	1140
829	1142
831	832
831	1138
831	1139
831	1140
831	1142
832	1138
832	1139
832	1140
832	1142
911	780
911	186
911	199
911	995
911	1221
1084	1085
1084	1086
1085	1086
1138	1139
1138	1140
1138	1142
1139	1140
1139	1142
1140	1142
780	186
780	199
780	995
780	1221
186	199
186	995
186	1221
199	995
199	1221
995	1221
28	50
50	161
50	228
50	429
53	483
53	484
53	485
53	486
53	487
53	489
53	490
53	491
53	492
53	493
88	90
88	200
88	228
88	476
88	644
88	645
88	646
88	647
88	648
88	649
88	650
88	651
88	652
88	653
88	654
88	655
88	655
88	828
88	1191
88	236
88	1098
88	1123
88	346
88	1190
88	293
88	294
88	295
88	297
88	355
88	356
88	356
88	358
88	359
88	360
88	361
88	362
88	363
88	1192
88	364
88	365
88	366
88	368
88	369
88	370
88	371
162	163
162	164
162	167
162	168
162	169
162	170
162	171
162	172
163	164
163	167
163	168
163	169
163	170
163	171
163	172
163	226
163	228
163	168
164	167
164	168
164	169
164	170
164	171
164	172
164	226
164	228
164	168
167	168
167	169
167	170
167	171
167	172
167	226
167	228
167	168
168	169
168	170
168	171
168	172
168	226
168	228
169	170
169	171
169	172
170	171
170	172
170	226
170	228
170	168
171	172
171	226
171	228
171	168
200	228
200	402
200	403
200	404
200	407
200	644
200	645
200	646
200	647
200	648
200	649
200	650
200	651
200	652
200	653
200	654
200	655
200	655
200	816
200	818
200	828
200	1000
200	1218
200	1219
200	1229
200	1234
200	26
200	215
200	47
200	219
200	222
200	225
200	227
200	231
200	235
200	247
200	253
200	691
200	451
200	480
200	481
200	482
200	559
200	253
200	560
200	561
200	707
200	708
200	709
200	710
200	713
200	714
200	715
200	885
200	886
200	887
200	888
200	889
200	890
200	891
200	892
200	893
200	894
200	895
200	896
200	897
200	898
200	899
200	900
200	901
200	799
200	800
200	801
200	1189
200	804
200	807
200	810
200	812
200	814
206	5
206	7
206	9
206	8
206	6
228	226
228	402
228	403
228	404
228	407
228	429
228	935
228	1000
228	1191
228	1206
228	684
228	367
299	301
299	307
299	570
299	571
301	307
301	570
301	571
403	402
403	404
403	407
404	402
404	407
407	402
407	1157
407	178
407	180
407	181
407	331
407	229
407	233
476	460
476	466
476	467
476	472
476	473
476	475
476	477
476	478
476	471
476	828
476	236
476	1098
476	1123
476	346
476	1190
476	293
476	294
476	295
476	297
476	355
476	356
476	356
476	358
476	359
476	360
476	361
476	362
476	363
476	1192
476	364
476	365
476	366
476	368
476	369
476	370
476	371
512	513
512	514
512	515
512	520
512	521
513	514
513	515
513	520
513	521
514	515
514	520
514	521
515	520
515	521
520	521
563	564
563	565
563	566
563	567
563	568
563	569
563	990
563	991
563	992
563	993
563	994
563	748
563	749
563	751
563	753
563	754
564	565
564	566
564	567
564	568
564	569
564	990
564	991
564	992
564	993
564	994
565	566
565	567
565	568
565	569
566	567
566	568
566	569
566	990
566	991
566	992
566	993
566	994
567	568
567	569
568	569
568	990
568	991
568	992
568	993
568	994
569	990
569	991
569	992
569	993
569	994
570	571
588	589
588	966
588	1157
588	204
588	205
588	207
588	208
588	220
588	223
588	224
589	1157
589	204
589	205
589	207
589	208
589	220
589	223
589	224
644	645
644	646
644	647
644	648
644	649
644	650
644	651
644	652
644	653
644	654
644	655
644	655
645	646
645	647
645	648
645	649
645	650
645	651
645	652
645	653
645	654
645	655
645	655
646	647
646	648
646	649
646	650
646	651
646	652
646	653
646	654
646	655
646	655
647	648
647	649
647	650
647	651
647	652
647	653
647	654
647	655
647	655
648	649
648	650
648	651
648	652
648	653
648	654
648	655
648	655
649	650
649	651
649	652
649	653
649	654
649	655
649	655
650	651
650	652
650	653
650	654
650	655
650	655
651	652
651	653
651	654
651	655
651	655
652	653
652	654
652	655
652	655
653	654
653	655
653	655
654	655
654	655
655	655
828	307
828	429
828	435
828	683
828	816
828	819
828	826
828	1000
828	1020
828	1021
828	1022
828	1023
828	1024
828	1025
828	1026
828	1027
828	1216
828	1217
828	1218
828	1219
828	1222
828	1227
828	14
828	15
828	16
828	17
828	18
828	23
828	24
828	25
828	26
828	191
828	192
828	279
828	236
828	1098
828	1123
828	346
828	1190
828	293
828	294
828	295
828	297
828	355
828	356
828	356
828	358
828	359
828	360
828	361
828	362
828	363
828	1192
828	364
828	365
828	366
828	368
828	369
828	370
828	371
828	586
828	587
828	590
828	591
828	592
828	595
828	596
828	597
828	598
828	599
828	600
828	601
828	602
828	603
828	604
828	605
828	606
828	608
828	610
828	611
828	613
828	614
828	615
828	616
828	618
828	619
828	620
828	617
828	621
828	622
828	623
828	625
828	626
828	627
828	628
828	869
828	312
828	498
828	499
828	500
828	501
828	502
828	503
828	504
828	505
828	506
828	507
828	508
828	509
828	510
828	511
828	1049
828	1054
828	1056
828	1057
828	516
828	517
828	518
828	522
828	523
828	524
828	525
828	526
828	528
828	530
828	529
828	527
828	531
828	532
828	533
828	534
828	535
828	536
828	537
828	538
828	539
828	540
828	547
828	1136
828	1141
828	543
828	1151
828	552
828	544
828	799
828	800
828	801
828	1189
828	804
828	807
828	810
828	812
828	814
1028	1029
1028	1030
1028	1031
1028	1035
1028	1036
1028	1038
1028	1039
1028	1040
1028	1041
1028	1042
1028	1043
1028	1044
1028	1045
1028	1046
1028	1047
1028	1050
1028	1051
1028	1052
1028	1048
1028	1053
1028	1055
1029	1030
1029	1031
1029	1035
1029	1036
1029	1038
1029	1039
1029	1040
1029	1041
1029	1042
1029	1043
1029	1044
1029	1045
1029	1046
1029	1047
1029	1050
1029	1051
1029	1052
1029	1048
1029	1053
1029	1055
1030	1031
1030	1035
1030	1036
1030	1038
1030	1039
1030	1040
1030	1041
1030	1042
1030	1043
1030	1044
1030	1045
1030	1046
1030	1047
1030	1050
1030	1051
1030	1052
1030	1048
1030	1053
1030	1055
1031	1035
1031	1036
1031	1038
1031	1039
1031	1040
1031	1041
1031	1042
1031	1043
1031	1044
1031	1045
1031	1046
1031	1047
1031	1050
1031	1051
1031	1052
1031	1048
1031	1053
1031	1055
1031	452
1031	454
1031	455
1031	457
1035	1036
1035	1038
1035	1039
1035	1040
1035	1041
1035	1042
1035	1043
1035	1044
1035	1045
1035	1046
1035	1047
1035	1050
1035	1051
1035	1052
1035	1048
1035	1053
1035	1055
1035	452
1035	454
1035	455
1035	457
1036	1038
1036	1039
1036	1040
1036	1041
1036	1042
1036	1043
1036	1044
1036	1045
1036	1046
1036	1047
1036	1050
1036	1051
1036	1052
1036	1048
1036	1053
1036	1055
1038	1039
1038	1040
1038	1041
1038	1042
1038	1043
1038	1044
1038	1045
1038	1046
1038	1047
1038	1050
1038	1051
1038	1052
1038	1048
1038	1053
1038	1055
1038	452
1038	454
1038	455
1038	457
1039	1040
1039	1041
1039	1042
1039	1043
1039	1044
1039	1045
1039	1046
1039	1047
1039	1050
1039	1051
1039	1052
1039	1048
1039	1053
1039	1055
1040	1041
1040	1042
1040	1043
1040	1044
1040	1045
1040	1046
1040	1047
1040	1050
1040	1051
1040	1052
1040	1048
1040	1053
1040	1055
1041	1042
1041	1043
1041	1044
1041	1045
1041	1046
1041	1047
1041	1050
1041	1051
1041	1052
1041	1048
1041	1053
1041	1055
1042	1043
1042	1044
1042	1045
1042	1046
1042	1047
1042	1050
1042	1051
1042	1052
1042	1048
1042	1053
1042	1055
1042	452
1042	454
1042	455
1042	457
1043	1044
1043	1045
1043	1046
1043	1047
1043	1050
1043	1051
1043	1052
1043	1048
1043	1053
1043	1055
1044	1045
1044	1046
1044	1047
1044	1050
1044	1051
1044	1052
1044	1048
1044	1053
1044	1055
1045	1046
1045	1047
1045	1050
1045	1051
1045	1052
1045	1048
1045	1053
1045	1055
1045	452
1045	454
1045	455
1045	457
1046	1047
1046	1050
1046	1051
1046	1052
1046	1048
1046	1053
1046	1055
1046	452
1046	454
1046	455
1046	457
1047	1050
1047	1051
1047	1052
1047	1048
1047	1053
1047	1055
1050	1051
1050	1052
1050	1048
1050	1053
1050	1055
1051	1052
1051	1048
1051	1053
1051	1055
1052	1048
1052	1053
1052	1055
1052	452
1052	454
1052	455
1052	457
1048	1053
1048	1055
1048	452
1048	454
1048	455
1048	457
1053	1055
1061	146
1061	147
1061	706
1061	712
1061	716
1115	1116
1115	1117
1115	1118
1115	1119
1115	1120
1115	1121
1115	1122
1116	1117
1116	1118
1116	1119
1116	1120
1116	1121
1116	1122
1117	1118
1117	1119
1117	1120
1117	1121
1117	1122
1118	1119
1118	1120
1118	1121
1118	1122
1119	1120
1119	1121
1119	1122
1120	1121
1120	1122
1121	1122
1127	1128
1127	1129
1127	1130
1127	1131
1127	1132
1127	1134
1127	1135
1128	1129
1128	1130
1128	1131
1128	1132
1128	1134
1128	1135
1129	1130
1129	1131
1129	1132
1129	1134
1129	1135
1130	1131
1130	1132
1130	1134
1130	1135
1131	1132
1131	1134
1131	1135
1132	1134
1132	1135
1134	1135
1157	307
1157	178
1157	180
1157	181
1157	331
1157	229
1157	233
1157	204
1157	205
1157	207
1157	208
1157	220
1157	223
1157	224
71	70
71	72
71	73
71	75
71	76
71	79
71	83
71	85
71	86
71	970
71	971
71	972
71	973
72	70
72	73
72	75
72	76
72	79
72	83
72	85
72	86
72	970
72	971
72	972
72	973
85	70
85	73
85	75
85	76
85	79
85	83
85	86
85	970
85	971
85	972
85	973
842	194
842	842
191	192
191	869
192	863
192	864
192	865
192	866
192	869
192	870
192	872
192	873
192	874
192	875
194	665
194	666
194	193
194	195
194	196
194	197
194	198
194	296
194	842
236	1098
236	1123
236	346
236	1190
236	293
236	294
236	295
236	297
236	355
236	356
236	356
236	358
236	359
236	360
236	361
236	362
236	363
236	1192
236	364
236	365
236	366
236	368
236	369
236	370
236	371
1098	1123
1098	346
1098	1190
1098	293
1098	294
1098	295
1098	297
1098	355
1098	356
1098	356
1098	358
1098	359
1098	360
1098	361
1098	362
1098	363
1098	1192
1098	364
1098	365
1098	366
1098	368
1098	369
1098	370
1098	371
1123	346
1123	1190
1123	293
1123	294
1123	295
1123	297
1123	355
1123	356
1123	356
1123	358
1123	359
1123	360
1123	361
1123	362
1123	363
1123	1192
1123	364
1123	365
1123	366
1123	368
1123	369
1123	370
1123	371
346	1190
346	293
346	294
346	295
346	297
346	355
346	356
346	356
346	358
346	359
346	360
346	361
346	362
346	363
346	1192
346	364
346	365
346	366
346	368
346	369
346	370
346	371
1190	293
1190	294
1190	295
1190	297
1190	355
1190	356
1190	356
1190	358
1190	359
1190	360
1190	361
1190	362
1190	363
1190	1192
1190	364
1190	365
1190	366
1190	368
1190	369
1190	370
1190	371
293	294
293	295
293	297
293	355
293	356
293	356
293	358
293	359
293	360
293	361
293	362
293	363
293	1192
293	364
293	365
293	366
293	368
293	369
293	370
293	371
294	295
294	297
294	355
294	356
294	356
294	358
294	359
294	360
294	361
294	362
294	363
294	1192
294	364
294	365
294	366
294	368
294	369
294	370
294	371
295	297
295	355
295	356
295	356
295	358
295	359
295	360
295	361
295	362
295	363
295	1192
295	364
295	365
295	366
295	368
295	369
295	370
295	371
297	355
297	356
297	356
297	358
297	359
297	360
297	361
297	362
297	363
297	1192
297	364
297	365
297	366
297	368
297	369
297	370
297	371
355	356
355	356
355	358
355	359
355	360
355	361
355	362
355	363
355	1192
355	364
355	365
355	366
355	368
355	369
355	370
355	371
356	356
356	358
356	359
356	360
356	361
356	362
356	363
356	1192
356	364
356	365
356	366
356	368
356	369
356	370
356	371
356	358
356	359
356	360
356	361
356	362
356	363
356	1192
356	364
356	365
356	366
356	368
356	369
356	370
356	371
358	359
358	360
358	361
358	362
358	363
358	1192
358	364
358	365
358	366
358	368
358	369
358	370
358	371
359	360
359	361
359	362
359	363
359	1192
359	364
359	365
359	366
359	368
359	369
359	370
359	371
360	361
360	362
360	363
360	1192
360	364
360	365
360	366
360	368
360	369
360	370
360	371
361	362
361	363
361	1192
361	364
361	365
361	366
361	368
361	369
361	370
361	371
362	363
362	1192
362	364
362	365
362	366
362	368
362	369
362	370
362	371
363	1192
363	364
363	365
363	366
363	368
363	369
363	370
363	371
1192	364
1192	365
1192	366
1192	368
1192	369
1192	370
1192	371
364	365
364	366
364	368
364	369
364	370
364	371
365	366
365	368
365	369
365	370
365	371
366	368
366	369
366	370
366	371
368	369
368	370
368	371
369	429
369	435
369	370
369	371
369	69
369	808
369	809
369	406
369	811
369	813
369	101
369	815
369	817
369	105
369	106
369	821
369	822
369	110
369	823
369	824
369	221
369	837
369	846
369	840
369	850
369	851
369	852
369	853
369	854
369	855
369	856
369	1108
369	1109
369	1110
369	1111
369	1112
369	1113
369	1114
369	1124
369	1126
369	381
369	382
369	384
369	385
369	386
369	388
369	390
369	392
369	393
369	394
369	396
369	498
369	499
369	500
369	501
369	502
369	503
369	504
369	505
369	506
369	507
369	508
369	509
369	510
369	511
369	1049
369	1054
369	1056
369	1057
369	516
369	517
369	518
369	522
369	523
369	524
369	525
369	526
369	528
369	530
369	529
369	527
369	531
369	532
369	533
369	534
369	535
369	536
369	537
369	538
369	539
369	540
369	547
369	1136
369	1141
369	543
369	1151
369	552
369	544
370	371
400	1207
400	1208
400	1209
451	444
451	449
451	450
451	453
451	456
451	695
451	458
451	459
451	703
451	461
451	462
451	464
451	465
451	885
451	886
451	887
451	888
451	889
451	890
451	891
451	892
451	893
451	894
451	895
451	896
451	897
451	898
451	899
451	900
451	901
69	808
69	809
69	406
69	811
69	813
69	101
69	815
69	817
69	105
69	106
69	821
69	822
69	110
69	823
69	824
808	809
808	406
808	811
808	813
808	101
808	815
808	817
808	105
808	106
808	821
808	822
808	110
808	823
808	824
809	406
809	811
809	813
809	101
809	815
809	817
809	105
809	106
809	821
809	822
809	110
809	823
809	824
406	811
406	813
406	101
406	815
406	817
406	105
406	106
406	821
406	822
406	110
406	823
406	824
811	813
811	101
811	815
811	817
811	105
811	106
811	821
811	822
811	110
811	823
811	824
813	101
813	815
813	817
813	105
813	106
813	821
813	822
813	110
813	823
813	824
101	815
101	817
101	105
101	106
101	821
101	822
101	110
101	823
101	824
815	817
815	105
815	106
815	821
815	822
815	110
815	823
815	824
817	105
817	106
817	821
817	822
817	110
817	823
817	824
105	106
105	821
105	822
105	110
105	823
105	824
106	821
106	822
106	110
106	823
106	824
821	822
821	110
821	823
821	824
822	110
822	823
822	824
110	823
110	824
823	824
869	863
869	864
869	865
869	866
869	870
869	872
869	873
869	874
869	875
885	886
885	887
885	888
885	889
885	890
885	891
885	892
885	893
885	894
885	895
885	896
885	897
885	898
885	899
885	900
885	901
886	887
886	888
886	889
886	890
886	891
886	892
886	893
886	894
886	895
886	896
886	897
886	898
886	899
886	900
886	901
887	888
887	889
887	890
887	891
887	892
887	893
887	894
887	895
887	896
887	897
887	898
887	899
887	900
887	901
888	889
888	890
888	891
888	892
888	893
888	894
888	895
888	896
888	897
888	898
888	899
888	900
888	901
889	890
889	891
889	892
889	893
889	894
889	895
889	896
889	897
889	898
889	899
889	900
889	901
890	891
890	892
890	893
890	894
890	895
890	896
890	897
890	898
890	899
890	900
890	901
891	892
891	893
891	894
891	895
891	896
891	897
891	898
891	899
891	900
891	901
892	893
892	894
892	895
892	896
892	897
892	898
892	899
892	900
892	901
893	894
893	895
893	896
893	897
893	898
893	899
893	900
893	901
894	895
894	896
894	897
894	898
894	899
894	900
894	901
895	896
895	897
895	898
895	899
895	900
895	901
896	897
896	898
896	899
896	900
896	901
897	898
897	899
897	900
897	901
898	899
898	900
898	901
899	900
899	901
900	901
973	70
973	75
973	83
973	970
973	971
973	972
990	991
990	992
990	993
990	994
991	992
991	993
991	994
992	993
992	994
993	994
1001	1002
1001	1003
1001	1004
1001	1005
1001	1006
1001	1007
1001	1008
1001	1009
1001	1010
1001	1011
1001	1012
1002	1003
1002	1004
1002	1005
1002	1006
1002	1007
1002	1008
1002	1009
1002	1010
1002	1011
1002	1012
1003	1004
1003	1005
1003	1006
1003	1007
1003	1008
1003	1009
1003	1010
1003	1011
1003	1012
1003	39
1003	45
1003	41
1003	42
1003	43
1003	44
1003	46
1004	1005
1004	1006
1004	1007
1004	1008
1004	1009
1004	1010
1004	1011
1004	1012
1004	1013
1004	1014
1004	1015
1004	1016
1004	1017
1004	1018
1004	1019
1005	1006
1005	1007
1005	1008
1005	1009
1005	1010
1005	1011
1005	1012
1005	1013
1005	1014
1005	1015
1005	1016
1005	1017
1005	1018
1005	1019
1006	1007
1006	1008
1006	1009
1006	1010
1006	1011
1006	1012
1006	1013
1006	1014
1006	1015
1006	1016
1006	1017
1006	1018
1006	1019
1007	1008
1007	1009
1007	1010
1007	1011
1007	1012
1007	1013
1007	1014
1007	1015
1007	1016
1007	1017
1007	1018
1007	1019
1008	1009
1008	1010
1008	1011
1008	1012
1009	1010
1009	1011
1009	1012
1009	1013
1009	1014
1009	1015
1009	1016
1009	1017
1009	1018
1009	1019
1010	1011
1010	1012
1011	1012
1013	1014
1013	1015
1013	1016
1013	1017
1013	1018
1013	1019
1014	1015
1014	1016
1014	1017
1014	1018
1014	1019
1015	1016
1015	1017
1015	1018
1015	1019
1016	1017
1016	1018
1016	1019
1017	1018
1017	1019
1018	1019
204	205
204	207
204	208
204	220
204	223
204	224
205	207
205	208
205	220
205	223
205	224
205	270
205	271
205	273
205	274
207	208
207	220
207	223
207	224
208	220
208	223
208	224
220	223
220	224
223	224
5	7
5	9
5	8
5	6
7	9
7	8
7	6
9	8
9	6
8	6
329	330
329	333
329	334
329	335
329	336
329	337
329	338
329	339
329	340
329	341
329	343
329	344
329	339
329	1183
329	347
329	348
329	349
329	350
329	351
329	352
329	354
330	333
330	334
330	335
330	336
330	337
330	338
330	339
330	340
330	341
330	343
330	344
330	339
330	1183
330	347
330	348
330	349
330	350
330	351
330	352
330	354
333	334
333	335
333	336
333	337
333	338
333	339
333	340
333	341
333	343
333	344
333	339
333	1183
333	347
333	348
333	349
333	350
333	351
333	352
333	354
334	335
334	336
334	337
334	338
334	339
334	340
334	341
334	343
334	344
334	339
334	1183
334	347
334	348
334	349
334	350
334	351
334	352
334	354
335	336
335	337
335	338
335	339
335	340
335	341
335	343
335	344
335	339
335	1183
335	347
335	348
335	349
335	350
335	351
335	352
335	354
336	337
336	338
336	339
336	340
336	341
336	343
336	344
336	339
336	1183
336	347
336	348
336	349
336	350
336	351
336	352
336	354
337	338
337	339
337	340
337	341
337	343
337	344
337	339
337	1183
337	347
337	348
337	349
337	350
337	351
337	352
337	354
338	339
338	340
338	341
338	343
338	344
338	339
338	1183
338	347
338	348
338	349
338	350
338	351
338	352
338	354
339	340
339	341
339	343
339	344
339	339
339	1183
339	347
339	348
339	349
339	350
339	351
339	352
339	354
340	341
340	343
340	344
340	339
340	1183
340	347
340	348
340	349
340	350
340	351
340	352
340	354
341	343
341	344
341	339
341	1183
341	347
341	348
341	349
341	350
341	351
341	352
341	354
343	344
343	339
343	1183
343	347
343	348
343	349
343	350
343	351
343	352
343	354
344	339
344	1183
344	347
344	348
344	349
344	350
344	351
344	352
344	354
339	1183
339	347
339	348
339	349
339	350
339	351
339	352
339	354
1183	347
1183	348
1183	349
1183	350
1183	351
1183	352
1183	354
347	348
347	349
347	350
347	351
347	352
347	354
348	349
348	350
348	351
348	352
348	354
349	350
349	351
349	352
349	354
350	351
350	352
350	354
351	352
351	354
352	354
452	454
452	455
452	457
454	455
454	457
455	457
307	40
307	683
307	279
307	586
307	587
307	590
307	591
307	592
307	595
307	596
307	597
307	598
307	599
307	600
307	601
307	602
307	603
307	604
307	605
307	606
307	608
307	610
307	611
307	613
307	614
307	615
307	616
307	618
307	619
307	620
161	190
429	428
429	430
429	431
429	432
429	433
429	434
429	435
429	436
429	437
429	438
429	439
429	440
429	441
429	442
429	443
429	662
429	445
429	446
429	447
429	448
429	1074
429	430
429	641
429	999
429	412
429	413
429	414
429	415
429	416
429	417
429	418
429	419
429	420
429	421
429	422
429	423
429	424
429	425
429	426
429	427
429	670
429	498
429	499
429	500
429	501
429	502
429	503
429	504
429	505
429	506
429	507
429	508
429	509
429	510
429	511
429	1049
429	1054
429	1056
429	1057
429	516
429	517
429	518
429	522
429	523
429	524
429	525
429	526
429	528
429	530
429	529
429	527
429	531
429	532
429	533
429	534
429	535
429	536
429	537
429	538
429	539
429	540
429	547
429	1136
429	1141
429	543
429	1151
429	552
429	544
372	373
372	374
372	380
372	375
372	376
372	377
373	374
373	380
373	375
373	376
373	377
374	380
374	375
374	376
374	377
380	375
380	376
380	377
375	376
375	377
376	377
965	967
1158	1159
1158	1160
1158	1161
1158	1162
1158	1163
1158	1164
1158	1165
1158	1166
1158	1167
1158	1168
1158	1169
1158	1171
1159	1160
1159	1161
1159	1162
1159	1163
1159	1164
1159	1165
1159	1166
1159	1167
1159	1168
1159	1169
1159	1171
1160	1161
1160	1162
1160	1163
1160	1164
1160	1165
1160	1166
1160	1167
1160	1168
1160	1169
1160	1171
1161	1162
1161	1163
1161	1164
1161	1165
1161	1166
1161	1167
1161	1168
1161	1169
1161	1171
1162	1163
1162	1164
1162	1165
1162	1166
1162	1167
1162	1168
1162	1169
1162	1171
1163	1164
1163	1165
1163	1166
1163	1167
1163	1168
1163	1169
1163	1171
1164	1165
1164	1166
1164	1167
1164	1168
1164	1169
1164	1171
1165	1166
1165	1167
1165	1168
1165	1169
1165	1171
1166	1167
1166	1168
1166	1169
1166	1171
1167	1168
1167	1169
1167	1171
1168	1169
1168	1171
1169	1171
483	484
483	485
483	486
483	487
483	489
483	490
483	491
483	492
483	493
484	485
484	486
484	487
484	489
484	490
484	491
484	492
484	493
485	486
485	487
485	489
485	490
485	491
485	492
485	493
486	487
486	489
486	490
486	491
486	492
486	493
487	489
487	490
487	491
487	492
487	493
489	490
489	491
489	492
489	493
490	491
490	492
490	493
491	492
491	493
492	493
102	103
190	1137
190	996
190	743
190	744
190	746
190	750
190	756
387	660
579	779
579	781
579	783
579	784
579	785
585	816
585	1213
585	1217
585	1218
585	1219
585	1220
585	1222
585	1223
585	1224
585	1225
585	1226
585	1227
585	1228
585	1229
585	1230
585	1231
585	1232
585	1233
585	1234
585	1235
585	1236
585	1237
585	1238
816	818
816	819
816	826
816	1213
816	1216
816	1217
816	1218
816	1219
816	1220
816	1222
816	1223
816	1224
816	1225
816	1226
816	1227
816	1228
816	1229
816	1230
816	1231
816	1232
816	1233
816	1234
816	1235
816	1236
816	1237
816	1238
816	14
816	15
816	16
816	17
816	18
816	23
816	24
816	25
816	26
816	480
816	481
816	482
819	818
819	826
819	1216
819	1217
819	1218
819	1219
819	1222
819	1227
819	14
819	15
819	16
819	17
819	18
819	23
819	24
819	25
819	26
826	818
826	1216
826	1217
826	1218
826	1219
826	1222
826	1227
826	14
826	15
826	16
826	17
826	18
826	23
826	24
826	25
826	26
981	982
981	983
981	984
981	985
981	986
981	987
981	988
982	983
982	984
982	985
982	986
982	987
982	988
983	984
983	985
983	986
983	987
983	988
984	985
984	986
984	987
984	988
984	656
984	562
984	657
984	658
984	661
984	659
985	986
985	987
985	988
986	987
986	988
987	988
987	13
987	758
987	108
987	109
987	111
987	113
987	114
987	115
987	116
987	123
987	124
987	119
987	127
987	722
987	727
987	733
987	736
987	741
987	745
987	747
987	752
987	130
987	759
987	131
987	774
988	656
988	562
988	657
988	658
988	661
988	659
1074	1073
1074	1075
1074	1076
1074	1077
1074	1079
1074	1080
1074	1082
1074	1083
1074	1090
1074	1091
1074	1087
1074	1088
1074	1089
1148	1149
1213	1210
1213	1211
1213	1212
1213	1214
1213	1215
1213	1217
1213	1218
1213	1219
1213	1220
1213	1222
1213	1223
1213	1224
1213	1225
1213	1226
1213	1227
1213	1228
1213	1229
1213	1230
1213	1231
1213	1232
1213	1233
1213	1234
1213	1235
1213	1236
1213	1237
1213	1238
1216	1217
1216	1218
1216	1219
1216	1220
1216	1222
1216	1223
1216	1224
1216	1227
1216	14
1216	15
1216	16
1216	17
1216	18
1216	23
1216	24
1216	25
1216	26
1217	1218
1217	1219
1217	1220
1217	1222
1217	1223
1217	1224
1217	1225
1217	1226
1217	1227
1217	1228
1217	1229
1217	1230
1217	1231
1217	1232
1217	1233
1217	1234
1217	1235
1217	1236
1217	1237
1217	1238
1217	14
1217	15
1217	16
1217	17
1217	18
1217	23
1217	24
1217	25
1217	26
1218	818
1218	1219
1218	1220
1218	1222
1218	1223
1218	1224
1218	1225
1218	1226
1218	1227
1218	1228
1218	1229
1218	1230
1218	1231
1218	1232
1218	1233
1218	1234
1218	1235
1218	1236
1218	1237
1218	1238
1218	14
1218	15
1218	16
1218	17
1218	18
1218	23
1218	24
1218	25
1218	26
1218	480
1218	481
1218	482
1219	818
1219	1220
1219	1222
1219	1223
1219	1224
1219	1225
1219	1226
1219	1227
1219	1228
1219	1229
1219	1230
1219	1231
1219	1232
1219	1233
1219	1234
1219	1235
1219	1236
1219	1237
1219	1238
1219	14
1219	15
1219	16
1219	17
1219	18
1219	23
1219	24
1219	25
1219	26
1219	480
1219	481
1219	482
1220	1222
1220	1223
1220	1224
1220	1225
1220	1226
1220	1227
1220	1228
1220	1229
1220	1230
1220	1231
1220	1232
1220	1233
1220	1234
1220	1235
1220	1236
1220	1237
1220	1238
1222	1223
1222	1224
1222	1225
1222	1226
1222	1227
1222	1228
1222	1229
1222	1230
1222	1231
1222	1232
1222	1233
1222	1234
1222	1235
1222	1236
1222	1237
1222	1238
1222	14
1222	15
1222	16
1222	17
1222	18
1222	23
1222	24
1222	25
1222	26
1223	1224
1223	1225
1223	1226
1223	1227
1223	1228
1223	1229
1223	1230
1223	1231
1223	1232
1223	1233
1223	1234
1223	1235
1223	1236
1223	1237
1223	1238
1224	1225
1224	1226
1224	1227
1224	1228
1224	1229
1224	1230
1224	1231
1224	1232
1224	1233
1224	1234
1224	1235
1224	1236
1224	1237
1224	1238
1225	1226
1225	1227
1225	1228
1225	1229
1225	1230
1225	1231
1225	1232
1225	1233
1225	1234
1225	1235
1225	1236
1225	1237
1225	1238
1226	1227
1226	1228
1226	1229
1226	1230
1226	1231
1226	1232
1226	1233
1226	1234
1226	1235
1226	1236
1226	1237
1226	1238
1227	1228
1227	1229
1227	1230
1227	1231
1227	1232
1227	1233
1227	1234
1227	1235
1227	1236
1227	1237
1227	1238
1227	14
1227	15
1227	16
1227	17
1227	18
1227	23
1227	24
1227	25
1227	26
1228	1229
1228	1230
1228	1231
1228	1232
1228	1233
1228	1234
1228	1235
1228	1236
1228	1237
1228	1238
1229	818
1229	1230
1229	1231
1229	1232
1229	1233
1229	1234
1229	1235
1229	1236
1229	1237
1229	1238
1229	26
1229	480
1229	481
1229	482
1230	1231
1230	1232
1230	1233
1230	1234
1230	1235
1230	1236
1230	1237
1230	1238
1231	1232
1231	1233
1231	1234
1231	1235
1231	1236
1231	1237
1231	1238
1232	1233
1232	1234
1232	1235
1232	1236
1232	1237
1232	1238
1233	1234
1233	1235
1233	1236
1233	1237
1233	1238
1234	818
1234	1235
1234	1236
1234	1237
1234	1238
1234	26
1234	480
1234	481
1234	482
1235	1236
1235	1237
1235	1238
1236	1237
1236	1238
1237	1238
13	758
13	108
13	109
13	111
13	113
13	114
13	115
13	116
13	123
13	124
13	119
13	127
13	722
13	727
13	733
13	736
13	741
13	745
13	747
13	752
13	130
13	759
13	131
13	774
14	15
14	16
14	17
14	18
14	23
14	24
14	25
14	26
15	16
15	17
15	18
15	23
15	24
15	25
15	26
16	17
16	18
16	23
16	24
16	25
16	26
17	18
17	23
17	24
17	25
17	26
17	755
17	213
17	212
17	216
17	218
17	214
17	237
17	238
17	239
17	240
17	241
17	242
17	243
17	244
17	245
17	246
17	248
17	249
17	250
17	251
17	252
17	1204
17	1205
17	259
17	256
17	257
17	258
18	23
18	24
18	25
18	26
23	24
23	25
23	26
24	25
24	26
25	26
26	818
26	480
26	481
26	482
215	47
215	219
215	222
215	225
215	227
215	231
215	235
215	247
215	253
215	559
215	253
215	560
215	561
215	921
215	922
215	923
215	925
215	933
215	934
47	219
47	222
47	225
47	227
47	231
47	235
47	247
47	253
47	559
47	253
47	560
47	561
47	921
47	922
47	923
47	925
47	933
47	934
87	89
87	91
87	479
87	95
87	488
87	97
87	98
87	99
89	91
89	479
89	95
89	488
89	97
89	98
89	99
91	479
91	95
91	488
91	97
91	98
91	99
479	95
479	488
479	97
479	98
479	99
95	488
95	97
95	98
95	99
488	97
488	98
488	99
97	98
97	99
98	99
685	687
685	691
685	696
685	142
685	699
685	702
685	704
687	691
687	696
687	142
687	699
687	702
687	704
691	696
691	142
691	699
691	702
691	704
691	707
691	708
691	709
691	710
691	713
691	714
691	715
696	142
696	699
696	702
696	704
142	699
142	702
142	704
699	702
699	704
702	704
178	179
178	180
178	181
178	182
178	331
178	229
178	233
179	180
179	181
179	182
180	181
180	182
180	331
180	229
180	233
181	182
181	331
181	229
181	233
331	229
331	233
229	233
1095	1100
1095	1105
1095	1107
1095	554
1095	1125
1095	556
1100	1105
1100	1107
1100	554
1100	1125
1100	556
1105	1107
1105	554
1105	1125
1105	556
1107	554
1107	1125
1107	556
554	1125
554	556
1125	556
561	219
561	222
561	225
561	227
561	247
561	559
561	253
561	560
561	921
561	922
561	923
561	925
561	933
561	934
632	633
632	635
632	636
632	637
632	638
632	640
632	641
632	643
633	635
633	636
633	637
633	638
633	640
633	641
633	643
635	636
635	637
635	638
635	640
635	641
635	643
636	637
636	638
636	640
636	641
636	643
637	638
637	640
637	641
637	643
638	640
638	641
638	643
640	641
640	643
641	232
641	643
641	112
641	117
641	118
641	120
641	121
641	122
641	125
641	128
641	129
641	132
641	133
641	134
641	136
641	137
641	143
641	144
641	148
641	149
641	150
641	151
641	152
641	155
641	157
641	158
641	160
777	778
777	782
777	912
777	913
777	914
777	915
778	782
778	912
778	913
778	914
778	915
782	912
782	913
782	914
782	915
857	858
857	859
857	860
857	861
857	401
858	859
858	860
858	861
858	401
859	860
859	861
859	401
860	861
860	401
861	401
912	913
912	914
912	915
913	914
913	915
914	915
921	922
921	923
921	925
921	933
921	934
922	923
922	925
922	933
922	934
923	925
923	933
923	934
925	933
925	934
933	934
1137	996
1137	743
1137	744
1137	746
1137	750
1137	756
996	743
996	744
996	746
996	750
996	756
743	744
743	746
743	750
743	756
744	746
744	750
744	756
746	750
746	756
750	756
1207	1208
1207	1209
1208	1209
270	271
270	273
270	274
271	273
271	274
273	274
107	430
430	428
430	431
430	432
430	433
430	434
430	435
430	436
430	437
430	438
430	439
430	440
430	441
430	442
430	443
430	662
430	445
430	446
430	447
430	448
458	444
458	449
458	450
458	453
458	456
458	695
458	459
458	703
458	461
458	462
458	464
458	465
779	781
779	783
779	784
779	785
781	783
781	784
781	785
783	784
783	785
784	785
70	73
70	75
70	76
70	79
70	83
70	86
70	970
70	971
70	972
75	73
75	76
75	79
75	83
75	86
75	970
75	971
75	972
83	73
83	76
83	79
83	86
83	970
83	971
83	972
970	971
970	972
971	972
818	480
818	481
818	482
1000	797
1000	903
1000	905
1000	906
1000	907
1000	908
1000	909
1000	910
1000	799
1000	800
1000	801
1000	1189
1000	804
1000	807
1000	810
1000	812
1000	814
1000	1143
1000	1144
1000	1145
1000	357
1000	1146
1000	1147
1000	1150
1000	1154
1000	1152
1000	1153
219	222
219	225
219	227
219	231
219	235
219	247
219	253
219	559
219	253
219	560
222	225
222	227
222	231
222	235
222	247
222	253
222	559
222	253
222	560
225	227
225	231
225	235
225	247
225	253
225	559
225	253
225	560
227	231
227	235
227	247
227	253
227	559
227	253
227	560
231	235
231	247
231	253
235	247
235	253
247	253
247	559
247	253
247	560
480	481
480	482
481	482
559	253
559	560
253	560
707	708
707	709
707	710
707	713
707	714
707	715
708	709
708	710
708	713
708	714
708	715
709	710
709	713
709	714
709	715
710	713
710	714
710	715
713	714
713	715
714	715
799	800
799	801
799	1189
799	804
799	807
799	810
799	812
799	814
800	801
800	1189
800	804
800	807
800	810
800	812
800	814
801	1189
801	804
801	807
801	810
801	812
801	814
1189	804
1189	807
1189	810
1189	812
1189	814
804	807
804	810
804	812
804	814
807	810
807	812
807	814
810	812
810	814
812	814
209	210
209	211
210	211
935	367
966	607
966	612
966	629
966	631
966	634
966	639
966	642
1175	1176
1175	1177
1175	1178
1175	1179
1175	1180
1175	1181
1175	1182
1175	1184
1175	1185
1175	1186
1175	1187
1176	1177
1176	1178
1176	1179
1176	1180
1176	1181
1176	1182
1176	1184
1176	1185
1176	1186
1176	1187
1177	1178
1177	1179
1177	1180
1177	1181
1177	1182
1177	1184
1177	1185
1177	1186
1177	1187
1178	1179
1178	1180
1178	1181
1178	1182
1178	1184
1178	1185
1178	1186
1178	1187
1179	1180
1179	1181
1179	1182
1179	1184
1179	1185
1179	1186
1179	1187
1180	1181
1180	1182
1180	1184
1180	1185
1180	1186
1180	1187
1181	1182
1181	1184
1181	1185
1181	1186
1181	1187
1182	1184
1182	1185
1182	1186
1182	1187
1184	1185
1184	1186
1184	1187
1185	1186
1185	1187
1186	1187
201	202
430	378
430	379
430	383
430	389
430	391
430	463
430	468
430	395
430	397
430	398
430	399
430	999
430	412
430	413
430	414
430	415
430	416
430	417
430	418
430	419
430	420
430	421
430	422
430	423
430	424
430	425
430	426
430	427
430	670
378	379
378	383
378	389
378	391
378	463
378	468
378	395
378	397
378	398
378	399
379	383
379	389
379	391
379	463
379	468
379	395
379	397
379	398
379	399
383	389
383	391
383	463
383	468
383	395
383	397
383	398
383	399
389	391
389	463
389	468
389	395
389	397
389	398
389	399
391	463
391	468
391	395
391	397
391	398
391	399
463	468
463	395
463	397
463	398
463	399
468	395
468	397
468	398
468	399
395	397
395	398
395	399
397	398
397	399
398	399
398	1032
398	1033
398	1034
398	308
398	309
398	1037
398	332
398	342
398	345
398	353
607	612
607	629
607	631
607	634
607	639
607	642
612	629
612	631
612	634
612	639
612	642
629	631
629	634
629	639
629	642
631	634
631	639
631	642
634	639
634	642
639	642
232	974
232	975
232	976
232	977
232	978
232	979
232	980
232	112
232	117
232	118
232	120
232	121
232	122
232	125
232	128
232	129
232	132
232	133
232	134
232	136
232	137
232	143
232	144
232	148
232	149
232	150
232	151
232	152
232	155
232	157
232	158
232	160
974	975
974	976
974	977
974	978
974	979
974	980
975	976
975	977
975	978
975	979
975	980
976	977
976	978
976	979
976	980
977	978
977	979
977	980
978	979
978	980
979	980
980	254
980	260
980	261
980	262
980	263
980	264
980	265
980	266
980	267
980	268
980	269
980	272
980	1203
980	275
980	276
980	277
980	278
980	279
980	280
980	281
980	282
980	283
980	284
980	285
980	286
980	287
980	288
980	289
980	290
980	291
980	292
980	760
980	764
980	769
980	770
980	771
980	772
980	773
980	775
980	776
112	117
112	118
112	120
112	121
112	122
112	125
112	128
112	129
112	132
112	133
112	134
112	136
112	137
112	143
112	144
112	148
112	149
112	150
112	151
112	152
112	155
112	157
112	158
112	160
117	118
117	120
117	121
117	122
117	125
117	128
117	129
117	132
117	133
117	134
117	136
117	137
117	143
117	144
117	148
117	149
117	150
117	151
117	152
117	155
117	157
117	158
117	160
118	120
118	121
118	122
118	125
118	128
118	129
118	132
118	133
118	134
118	136
118	137
118	143
118	144
118	148
118	149
118	150
118	151
118	152
118	155
118	157
118	158
118	160
120	121
120	122
120	125
120	128
120	129
120	132
120	133
120	134
120	136
120	137
120	143
120	144
120	148
120	149
120	150
120	151
120	152
120	155
120	157
120	158
120	160
121	122
121	125
121	128
121	129
121	132
121	133
121	134
121	136
121	137
121	143
121	144
121	148
121	149
121	150
121	151
121	152
121	155
121	157
121	158
121	160
122	125
122	128
122	129
122	132
122	133
122	134
122	136
122	137
122	143
122	144
122	148
122	149
122	150
122	151
122	152
122	155
122	157
122	158
122	160
125	128
125	129
125	132
125	133
125	134
125	136
125	137
125	143
125	144
125	148
125	149
125	150
125	151
125	152
125	155
125	157
125	158
125	160
128	129
128	132
128	133
128	134
128	136
128	137
128	143
128	144
128	148
128	149
128	150
128	151
128	152
128	155
128	157
128	158
128	160
129	132
129	133
129	134
129	136
129	137
129	143
129	144
129	148
129	149
129	150
129	151
129	152
129	155
129	157
129	158
129	160
132	133
132	134
132	136
132	137
132	143
132	144
132	148
132	149
132	150
132	151
132	152
132	155
132	157
132	158
132	160
133	134
133	136
133	137
133	143
133	144
133	148
133	149
133	150
133	151
133	152
133	155
133	157
133	158
133	160
134	136
134	137
134	143
134	144
134	148
134	149
134	150
134	151
134	152
134	155
134	157
134	158
134	160
136	137
136	143
136	144
136	148
136	149
136	150
136	151
136	152
136	155
136	157
136	158
136	160
137	143
137	144
137	148
137	149
137	150
137	151
137	152
137	155
137	157
137	158
137	160
143	144
143	148
143	149
143	150
143	151
143	152
143	155
143	157
143	158
143	160
144	148
144	149
144	150
144	151
144	152
144	155
144	157
144	158
144	160
148	149
148	150
148	151
148	152
148	155
148	157
148	158
148	160
149	150
149	151
149	152
149	155
149	157
149	158
149	160
150	151
150	152
150	155
150	157
150	158
150	160
151	152
151	155
151	157
151	158
151	160
152	155
152	157
152	158
152	160
155	157
155	158
155	160
157	158
157	160
158	160
541	542
541	1058
541	1059
541	545
541	546
541	548
541	549
541	550
541	551
541	553
541	555
541	557
542	1058
542	1059
542	545
542	546
542	548
542	549
542	550
542	551
542	553
542	555
542	557
1058	1059
1058	545
1058	546
1058	548
1058	549
1058	550
1058	551
1058	553
1058	555
1058	557
1059	545
1059	546
1059	548
1059	549
1059	550
1059	551
1059	553
1059	555
1059	557
545	546
545	548
545	549
545	550
545	551
545	553
545	555
545	557
546	548
546	549
546	550
546	551
546	553
546	555
546	557
548	549
548	550
548	551
548	553
548	555
548	557
549	550
549	551
549	553
549	555
549	557
550	551
550	553
550	555
550	557
551	553
551	555
551	557
553	555
553	557
555	557
184	830
184	834
184	183
184	833
184	835
184	836
184	188
184	838
184	839
184	841
184	203
184	843
184	844
184	845
184	217
184	847
184	848
184	849
184	1092
184	1093
184	1094
184	1096
184	1097
184	1101
184	1102
184	1103
184	1104
184	1106
29	30
29	31
29	32
29	33
29	34
29	35
29	36
30	31
30	32
30	33
30	34
30	35
30	36
31	32
31	33
31	34
31	35
31	36
32	33
32	34
32	35
32	36
33	34
33	35
33	36
34	35
34	36
35	36
572	573
572	574
572	575
572	576
572	577
572	578
572	580
572	581
572	582
572	960
572	961
572	962
572	963
572	964
572	968
574	573
574	575
574	576
574	577
574	578
574	580
574	581
574	582
574	960
574	961
574	962
574	963
574	964
574	968
575	573
575	576
575	577
575	578
575	580
575	581
575	582
575	960
575	961
575	962
575	963
575	964
575	968
667	668
667	135
667	139
667	140
667	138
667	141
667	796
667	802
667	805
667	145
667	154
667	820
667	156
668	135
668	139
668	140
668	138
668	141
668	796
668	802
668	805
668	145
668	154
668	820
668	156
960	961
960	962
960	963
960	964
960	968
961	962
961	963
961	964
961	968
962	963
962	964
962	968
963	964
963	968
964	968
1092	1093
1092	1094
1092	1096
1092	1097
1092	1101
1092	1102
1092	1103
1092	1104
1092	1106
1093	1094
1093	1096
1093	1097
1093	1101
1093	1102
1093	1103
1093	1104
1093	1106
1094	1096
1094	1097
1094	1101
1094	1102
1094	1103
1094	1104
1094	1106
1096	1097
1096	1101
1096	1102
1096	1103
1096	1104
1096	1106
1097	1101
1097	1102
1097	1103
1097	1104
1097	1106
1101	1102
1101	1103
1101	1104
1101	1106
1102	1103
1102	1104
1102	1106
1103	1104
1103	1106
1104	1106
683	279
683	586
683	587
683	590
683	591
683	592
683	595
683	596
683	597
683	598
683	599
683	600
683	601
683	602
683	603
683	604
683	605
683	606
683	608
683	610
683	611
683	613
683	614
683	615
683	616
683	618
683	619
683	620
279	254
279	260
279	261
279	262
279	263
279	264
279	265
279	266
279	267
279	268
279	269
279	272
279	1203
279	275
279	276
279	277
279	278
279	280
279	281
279	282
279	283
279	284
279	285
279	286
279	287
279	288
279	289
279	290
279	291
279	292
279	586
279	587
279	590
279	591
279	592
279	595
279	596
279	597
279	598
279	599
279	600
279	601
279	602
279	603
279	604
279	605
279	606
279	608
279	610
279	611
279	613
279	614
279	615
279	616
279	618
279	619
279	620
586	587
586	590
586	591
586	592
586	595
586	596
586	597
586	598
586	599
586	600
586	601
586	602
586	603
586	604
586	605
586	606
586	608
586	610
586	611
586	613
586	614
586	615
586	616
586	618
586	619
586	620
587	590
587	591
587	592
587	595
587	596
587	597
587	598
587	599
587	600
587	601
587	602
587	603
587	604
587	605
587	606
587	608
587	610
587	611
587	613
587	614
587	615
587	616
587	618
587	619
587	620
590	591
590	592
590	595
590	596
590	597
590	598
590	599
590	600
590	601
590	602
590	603
590	604
590	605
590	606
590	608
590	610
590	611
590	613
590	614
590	615
590	616
590	618
590	619
590	620
591	592
591	595
591	596
591	597
591	598
591	599
591	600
591	601
591	602
591	603
591	604
591	605
591	606
591	608
591	610
591	611
591	613
591	614
591	615
591	616
591	618
591	619
591	620
592	595
592	596
592	597
592	598
592	599
592	600
592	601
592	602
592	603
592	604
592	605
592	606
592	608
592	610
592	611
592	613
592	614
592	615
592	616
592	618
592	619
592	620
595	596
595	597
595	598
595	599
595	600
595	601
595	602
595	603
595	604
595	605
595	606
595	608
595	610
595	611
595	613
595	614
595	615
595	616
595	618
595	619
595	620
596	597
596	598
596	599
596	600
596	601
596	602
596	603
596	604
596	605
596	606
596	608
596	610
596	611
596	613
596	614
596	615
596	616
596	618
596	619
596	620
597	598
597	599
597	600
597	601
597	602
597	603
597	604
597	605
597	606
597	608
597	610
597	611
597	613
597	614
597	615
597	616
597	618
597	619
597	620
598	599
598	600
598	601
598	602
598	603
598	604
598	605
598	606
598	608
598	610
598	611
598	613
598	614
598	615
598	616
598	618
598	619
598	620
599	600
599	601
599	602
599	603
599	604
599	605
599	606
599	608
599	610
599	611
599	613
599	614
599	615
599	616
599	618
599	619
599	620
600	601
600	602
600	603
600	604
600	605
600	606
600	608
600	610
600	611
600	613
600	614
600	615
600	616
600	618
600	619
600	620
601	602
601	603
601	604
601	605
601	606
601	608
601	610
601	611
601	613
601	614
601	615
601	616
601	618
601	619
601	620
602	603
602	604
602	605
602	606
602	608
602	610
602	611
602	613
602	614
602	615
602	616
602	618
602	619
602	620
603	604
603	605
603	606
603	608
603	610
603	611
603	613
603	614
603	615
603	616
603	618
603	619
603	620
604	605
604	606
604	608
604	610
604	611
604	613
604	614
604	615
604	616
604	618
604	619
604	620
605	606
605	608
605	610
605	611
605	613
605	614
605	615
605	616
605	618
605	619
605	620
606	608
606	610
606	611
606	613
606	614
606	615
606	616
606	618
606	619
606	620
608	610
608	611
608	613
608	614
608	615
608	616
608	618
608	619
608	620
610	611
610	613
610	614
610	615
610	616
610	618
610	619
610	620
611	613
611	614
611	615
611	616
611	618
611	619
611	620
613	614
613	615
613	616
613	618
613	619
613	620
614	615
614	616
614	618
614	619
614	620
615	616
615	618
615	619
615	620
616	618
616	619
616	620
618	619
618	620
619	620
761	762
761	763
761	765
761	766
761	767
761	768
762	763
762	765
762	766
762	767
762	768
763	765
763	766
763	767
763	768
765	766
765	767
765	768
766	767
766	768
767	768
871	48
871	49
871	54
871	51
871	57
871	58
871	59
758	108
758	109
758	111
758	113
758	114
758	115
758	116
758	123
758	124
758	119
758	127
758	722
758	727
758	733
758	736
758	741
758	745
758	747
758	752
758	130
758	759
758	131
758	774
108	109
108	111
108	113
108	114
108	115
108	116
108	123
108	124
108	119
108	127
108	722
108	727
108	733
108	736
108	741
108	745
108	747
108	752
108	130
108	759
108	131
108	774
109	111
109	113
109	114
109	115
109	116
109	123
109	124
109	119
109	127
109	722
109	727
109	733
109	736
109	741
109	745
109	747
109	752
109	130
109	759
109	131
109	774
111	113
111	114
111	115
111	116
111	123
111	124
111	119
111	127
111	722
111	727
111	733
111	736
111	741
111	745
111	747
111	752
111	130
111	759
111	131
111	774
113	114
113	115
113	116
113	123
113	124
113	119
113	127
113	722
113	727
113	733
113	736
113	741
113	745
113	747
113	752
113	130
113	759
113	131
113	774
114	115
114	116
114	123
114	124
114	119
114	127
114	722
114	727
114	733
114	736
114	741
114	745
114	747
114	752
114	130
114	759
114	131
114	774
115	116
115	123
115	124
115	119
115	127
115	722
115	727
115	733
115	736
115	741
115	745
115	747
115	752
115	130
115	759
115	131
115	774
116	123
116	124
116	119
116	127
116	722
116	727
116	733
116	736
116	741
116	745
116	747
116	752
116	130
116	759
116	131
116	774
123	124
123	119
123	127
123	722
123	727
123	733
123	736
123	741
123	745
123	747
123	752
123	130
123	759
123	131
123	774
124	119
124	127
124	722
124	727
124	733
124	736
124	741
124	745
124	747
124	752
124	130
124	759
124	131
124	774
119	127
119	722
119	727
119	733
119	736
119	741
119	745
119	747
119	752
119	130
119	759
119	131
119	774
127	722
127	727
127	733
127	736
127	741
127	745
127	747
127	752
127	130
127	759
127	131
127	774
722	727
722	733
722	736
722	741
722	745
722	747
722	752
722	130
722	759
722	131
722	774
727	733
727	736
727	741
727	745
727	747
727	752
727	130
727	759
727	131
727	774
733	736
733	741
733	745
733	747
733	752
733	130
733	759
733	131
733	774
736	741
736	745
736	747
736	752
736	130
736	759
736	131
736	774
741	745
741	747
741	752
741	130
741	759
741	131
741	774
745	747
745	752
745	130
745	759
745	131
745	774
747	752
747	130
747	759
747	131
747	774
752	130
752	759
752	131
752	774
130	759
130	131
130	774
759	131
759	774
131	774
428	431
428	432
428	433
428	434
428	435
428	436
428	437
428	438
428	439
428	440
428	441
428	442
428	443
428	662
428	445
428	446
428	447
428	448
431	432
431	433
431	434
431	435
431	436
431	437
431	438
431	439
431	440
431	441
431	442
431	443
431	662
431	445
431	446
431	447
431	448
432	433
432	434
432	435
432	436
432	437
432	438
432	439
432	440
432	441
432	442
432	443
432	662
432	445
432	446
432	447
432	448
433	434
433	435
433	436
433	437
433	438
433	439
433	440
433	441
433	442
433	443
433	662
433	445
433	446
433	447
433	448
434	435
434	436
434	437
434	438
434	439
434	440
434	441
434	442
434	443
434	662
434	445
434	446
434	447
434	448
435	436
435	437
435	438
435	439
435	440
435	441
435	442
435	443
435	662
435	445
435	446
435	447
435	448
435	498
435	499
435	500
435	501
435	502
435	503
435	504
435	505
435	506
435	507
435	508
435	509
435	510
435	511
435	1049
435	1054
435	1056
435	1057
435	516
435	517
435	518
435	522
435	523
435	524
435	525
435	526
435	528
435	530
435	529
435	527
435	531
435	532
435	533
435	534
435	535
435	536
435	537
435	538
435	539
435	540
435	547
435	1136
435	1141
435	543
435	1151
435	552
435	544
436	437
436	438
436	439
436	440
436	441
436	442
436	443
436	662
436	445
436	446
436	447
436	448
437	438
437	439
437	440
437	441
437	442
437	443
437	662
437	445
437	446
437	447
437	448
438	439
438	440
438	441
438	442
438	443
438	662
438	445
438	446
438	447
438	448
439	440
439	441
439	442
439	443
439	662
439	445
439	446
439	447
439	448
440	441
440	442
440	443
440	662
440	445
440	446
440	447
440	448
441	442
441	443
441	662
441	445
441	446
441	447
441	448
442	443
442	662
442	445
442	446
442	447
442	448
443	662
443	445
443	446
443	447
443	448
662	445
662	446
662	447
662	448
445	446
445	447
445	448
446	447
446	448
447	448
999	412
999	413
999	414
999	415
999	416
999	417
999	418
999	419
999	420
999	421
999	422
999	423
999	424
999	425
999	426
999	427
999	670
412	413
412	414
412	415
412	416
412	417
412	418
412	419
412	420
412	421
412	422
412	423
412	424
412	425
412	426
412	427
412	670
413	414
413	415
413	416
413	417
413	418
413	419
413	420
413	421
413	422
413	423
413	424
413	425
413	426
413	427
413	670
414	415
414	416
414	417
414	418
414	419
414	420
414	421
414	422
414	423
414	424
414	425
414	426
414	427
414	670
415	416
415	417
415	418
415	419
415	420
415	421
415	422
415	423
415	424
415	425
415	426
415	427
415	670
416	417
416	418
416	419
416	420
416	421
416	422
416	423
416	424
416	425
416	426
416	427
416	670
417	418
417	419
417	420
417	421
417	422
417	423
417	424
417	425
417	426
417	427
417	670
418	419
418	420
418	421
418	422
418	423
418	424
418	425
418	426
418	427
418	670
419	420
419	421
419	422
419	423
419	424
419	425
419	426
419	427
419	670
420	421
420	422
420	423
420	424
420	425
420	426
420	427
420	670
421	422
421	423
421	424
421	425
421	426
421	427
421	670
422	423
422	424
422	425
422	426
422	427
422	670
423	424
423	425
423	426
423	427
423	670
424	425
424	426
424	427
424	670
425	426
425	427
425	670
426	427
426	670
427	670
498	499
498	500
498	501
498	502
498	503
498	504
498	505
498	506
498	507
498	508
498	509
498	510
498	511
498	1049
498	1054
498	1056
498	1057
498	516
498	517
498	518
498	522
498	523
498	524
498	525
498	526
498	528
498	530
498	529
498	527
498	531
498	532
498	533
498	534
498	535
498	536
498	537
498	538
498	539
498	540
498	547
498	1136
498	1141
498	543
498	1151
498	552
498	544
499	500
499	501
499	502
499	503
499	504
499	505
499	506
499	507
499	508
499	509
499	510
499	511
499	1049
499	1054
499	1056
499	1057
499	516
499	517
499	518
499	522
499	523
499	524
499	525
499	526
499	528
499	530
499	529
499	527
499	531
499	532
499	533
499	534
499	535
499	536
499	537
499	538
499	539
499	540
499	547
499	1136
499	1141
499	543
499	1151
499	552
499	544
500	501
500	502
500	503
500	504
500	505
500	506
500	507
500	508
500	509
500	510
500	511
500	1049
500	1054
500	1056
500	1057
500	516
500	517
500	518
500	522
500	523
500	524
500	525
500	526
500	528
500	530
500	529
500	527
500	531
500	532
500	533
500	534
500	535
500	536
500	537
500	538
500	539
500	540
500	547
500	1136
500	1141
500	543
500	1151
500	552
500	544
501	502
501	503
501	504
501	505
501	506
501	507
501	508
501	509
501	510
501	511
501	1049
501	1054
501	1056
501	1057
501	516
501	517
501	518
501	522
501	523
501	524
501	525
501	526
501	528
501	530
501	529
501	527
501	531
501	532
501	533
501	534
501	535
501	536
501	537
501	538
501	539
501	540
501	547
501	1136
501	1141
501	543
501	1151
501	552
501	544
502	503
502	504
502	505
502	506
502	507
502	508
502	509
502	510
502	511
502	1049
502	1054
502	1056
502	1057
502	516
502	517
502	518
502	522
502	523
502	524
502	525
502	526
502	528
502	530
502	529
502	527
502	531
502	532
502	533
502	534
502	535
502	536
502	537
502	538
502	539
502	540
502	547
502	1136
502	1141
502	543
502	1151
502	552
502	544
503	504
503	505
503	506
503	507
503	508
503	509
503	510
503	511
503	1049
503	1054
503	1056
503	1057
503	516
503	517
503	518
503	522
503	523
503	524
503	525
503	526
503	528
503	530
503	529
503	527
503	531
503	532
503	533
503	534
503	535
503	536
503	537
503	538
503	539
503	540
503	547
503	1136
503	1141
503	543
503	1151
503	552
503	544
504	505
504	506
504	507
504	508
504	509
504	510
504	511
504	1049
504	1054
504	1056
504	1057
504	516
504	517
504	518
504	522
504	523
504	524
504	525
504	526
504	528
504	530
504	529
504	527
504	531
504	532
504	533
504	534
504	535
504	536
504	537
504	538
504	539
504	540
504	547
504	1136
504	1141
504	543
504	1151
504	552
504	544
505	506
505	507
505	508
505	509
505	510
505	511
505	1049
505	1054
505	1056
505	1057
505	516
505	517
505	518
505	522
505	523
505	524
505	525
505	526
505	528
505	530
505	529
505	527
505	531
505	532
505	533
505	534
505	535
505	536
505	537
505	538
505	539
505	540
505	547
505	1136
505	1141
505	543
505	1151
505	552
505	544
506	507
506	508
506	509
506	510
506	511
506	1049
506	1054
506	1056
506	1057
506	516
506	517
506	518
506	522
506	523
506	524
506	525
506	526
506	528
506	530
506	529
506	527
506	531
506	532
506	533
506	534
506	535
506	536
506	537
506	538
506	539
506	540
506	547
506	1136
506	1141
506	543
506	1151
506	552
506	544
507	508
507	509
507	510
507	511
507	1049
507	1054
507	1056
507	1057
507	516
507	517
507	518
507	522
507	523
507	524
507	525
507	526
507	528
507	530
507	529
507	527
507	531
507	532
507	533
507	534
507	535
507	536
507	537
507	538
507	539
507	540
507	547
507	1136
507	1141
507	543
507	1151
507	552
507	544
508	509
508	510
508	511
508	1049
508	1054
508	1056
508	1057
508	516
508	517
508	518
508	522
508	523
508	524
508	525
508	526
508	528
508	530
508	529
508	527
508	531
508	532
508	533
508	534
508	535
508	536
508	537
508	538
508	539
508	540
508	547
508	1136
508	1141
508	543
508	1151
508	552
508	544
509	510
509	511
509	1049
509	1054
509	1056
509	1057
509	516
509	517
509	518
509	522
509	523
509	524
509	525
509	526
509	528
509	530
509	529
509	527
509	531
509	532
509	533
509	534
509	535
509	536
509	537
509	538
509	539
509	540
509	547
509	1136
509	1141
509	543
509	1151
509	552
509	544
510	511
510	1049
510	1054
510	1056
510	1057
510	516
510	517
510	518
510	522
510	523
510	524
510	525
510	526
510	528
510	530
510	529
510	527
510	531
510	532
510	533
510	534
510	535
510	536
510	537
510	538
510	539
510	540
510	547
510	1136
510	1141
510	543
510	1151
510	552
510	544
511	1049
511	1054
511	1056
511	1057
511	516
511	517
511	518
511	522
511	523
511	524
511	525
511	526
511	528
511	530
511	529
511	527
511	531
511	532
511	533
511	534
511	535
511	536
511	537
511	538
511	539
511	540
511	547
511	1136
511	1141
511	543
511	1151
511	552
511	544
1049	1054
1049	1056
1049	1057
1049	516
1049	517
1049	518
1049	522
1049	523
1049	524
1049	525
1049	526
1049	528
1049	530
1049	529
1049	527
1049	531
1049	532
1049	533
1049	534
1049	535
1049	536
1049	537
1049	538
1049	539
1049	540
1049	547
1049	1136
1049	1141
1049	543
1049	1151
1049	552
1049	544
1054	1056
1054	1057
1054	516
1054	517
1054	518
1054	522
1054	523
1054	524
1054	525
1054	526
1054	528
1054	530
1054	529
1054	527
1054	531
1054	532
1054	533
1054	534
1054	535
1054	536
1054	537
1054	538
1054	539
1054	540
1054	547
1054	1136
1054	1141
1054	543
1054	1151
1054	552
1054	544
1056	1057
1056	516
1056	517
1056	518
1056	522
1056	523
1056	524
1056	525
1056	526
1056	528
1056	530
1056	529
1056	527
1056	531
1056	532
1056	533
1056	534
1056	535
1056	536
1056	537
1056	538
1056	539
1056	540
1056	547
1056	1136
1056	1141
1056	543
1056	1151
1056	552
1056	544
1057	516
1057	517
1057	518
1057	522
1057	523
1057	524
1057	525
1057	526
1057	528
1057	530
1057	529
1057	527
1057	531
1057	532
1057	533
1057	534
1057	535
1057	536
1057	537
1057	538
1057	539
1057	540
1057	547
1057	1136
1057	1141
1057	543
1057	1151
1057	552
1057	544
516	517
516	518
516	522
516	523
516	524
516	525
516	526
516	528
516	530
516	529
516	527
516	531
516	532
516	533
516	534
516	535
516	536
516	537
516	538
516	539
516	540
516	547
516	1136
516	1141
516	543
516	1151
516	552
516	544
517	518
517	522
517	523
517	524
517	525
517	526
517	528
517	530
517	529
517	527
517	531
517	532
517	533
517	534
517	535
517	536
517	537
517	538
517	539
517	540
517	547
517	1136
517	1141
517	543
517	1151
517	552
517	544
518	522
518	523
518	524
518	525
518	526
518	528
518	530
518	529
518	527
518	531
518	532
518	533
518	534
518	535
518	536
518	537
518	538
518	539
518	540
518	547
518	1136
518	1141
518	543
518	1151
518	552
518	544
522	523
522	524
522	525
522	526
522	528
522	530
522	529
522	527
522	531
522	532
522	533
522	534
522	535
522	536
522	537
522	538
522	539
522	540
522	547
522	1136
522	1141
522	543
522	1151
522	552
522	544
523	524
523	525
523	526
523	528
523	530
523	529
523	527
523	531
523	532
523	533
523	534
523	535
523	536
523	537
523	538
523	539
523	540
523	547
523	1136
523	1141
523	543
523	1151
523	552
523	544
524	525
524	526
524	528
524	530
524	529
524	527
524	531
524	532
524	533
524	534
524	535
524	536
524	537
524	538
524	539
524	540
524	547
524	1136
524	1141
524	543
524	1151
524	552
524	544
525	526
525	528
525	530
525	529
525	527
525	531
525	532
525	533
525	534
525	535
525	536
525	537
525	538
525	539
525	540
525	547
525	1136
525	1141
525	543
525	1151
525	552
525	544
526	528
526	530
526	529
526	527
526	531
526	532
526	533
526	534
526	535
526	536
526	537
526	538
526	539
526	540
526	547
526	1136
526	1141
526	543
526	1151
526	552
526	544
528	530
528	529
528	527
528	531
528	532
528	533
528	534
528	535
528	536
528	537
528	538
528	539
528	540
528	547
528	1136
528	1141
528	543
528	1151
528	552
528	544
530	529
530	527
530	531
530	532
530	533
530	534
530	535
530	536
530	537
530	538
530	539
530	540
530	547
530	1136
530	1141
530	543
530	1151
530	552
530	544
529	527
529	531
529	532
529	533
529	534
529	535
529	536
529	537
529	538
529	539
529	540
529	547
529	1136
529	1141
529	543
529	1151
529	552
529	544
527	531
527	532
527	533
527	534
527	535
527	536
527	537
527	538
527	539
527	540
527	547
527	1136
527	1141
527	543
527	1151
527	552
527	544
531	532
531	533
531	534
531	535
531	536
531	537
531	538
531	539
531	540
531	547
531	1136
531	1141
531	543
531	1151
531	552
531	544
532	533
532	534
532	535
532	536
532	537
532	538
532	539
532	540
532	547
532	1136
532	1141
532	543
532	1151
532	552
532	544
533	534
533	535
533	536
533	537
533	538
533	539
533	540
533	547
533	1136
533	1141
533	543
533	1151
533	552
533	544
534	535
534	536
534	537
534	538
534	539
534	540
534	547
534	1136
534	1141
534	543
534	1151
534	552
534	544
535	536
535	537
535	538
535	539
535	540
535	547
535	1136
535	1141
535	543
535	1151
535	552
535	544
536	537
536	538
536	539
536	540
536	547
536	1136
536	1141
536	543
536	1151
536	552
536	544
537	538
537	539
537	540
537	547
537	1136
537	1141
537	543
537	1151
537	552
537	544
538	539
538	540
538	547
538	1136
538	1141
538	543
538	1151
538	552
538	544
539	540
539	547
539	1136
539	1141
539	543
539	1151
539	552
539	544
540	547
540	1136
540	1141
540	543
540	1151
540	552
540	544
547	1136
547	1141
547	543
547	1151
547	552
547	544
1136	1141
1136	543
1136	1151
1136	552
1136	544
1141	543
1141	1151
1141	552
1141	544
543	1151
543	552
543	544
1151	552
1151	544
552	544
460	466
460	467
460	472
460	473
460	475
460	477
460	478
460	471
466	467
466	472
466	473
466	475
466	477
466	478
466	471
467	472
467	473
467	475
467	477
467	478
467	471
472	473
472	475
472	477
472	478
472	471
473	475
473	477
473	478
473	471
475	477
475	478
475	471
477	478
477	471
478	471
755	213
755	212
755	216
755	218
755	214
755	237
755	238
755	239
755	240
755	241
755	242
755	243
755	244
755	245
755	246
755	248
755	249
755	250
755	251
755	252
755	1204
755	1205
755	259
755	256
755	257
755	258
213	212
213	216
213	218
213	214
213	237
213	238
213	239
213	240
213	241
213	242
213	243
213	244
213	245
213	246
213	248
213	249
213	250
213	251
213	252
213	1204
213	1205
213	259
213	256
213	257
213	258
212	216
212	218
212	214
212	237
212	238
212	239
212	240
212	241
212	242
212	243
212	244
212	245
212	246
212	248
212	249
212	250
212	251
212	252
212	1204
212	1205
212	259
212	256
212	257
212	258
216	218
216	214
216	237
216	238
216	239
216	240
216	241
216	242
216	243
216	244
216	245
216	246
216	248
216	249
216	250
216	251
216	252
216	1204
216	1205
216	259
216	256
216	257
216	258
218	214
218	237
218	238
218	239
218	240
218	241
218	242
218	243
218	244
218	245
218	246
218	248
218	249
218	250
218	251
218	252
218	1204
218	1205
218	259
218	256
218	257
218	258
214	237
214	238
214	239
214	240
214	241
214	242
214	243
214	244
214	245
214	246
214	248
214	249
214	250
214	251
214	252
214	1204
214	1205
214	259
214	256
214	257
214	258
237	238
237	239
237	240
237	241
237	242
237	243
237	244
237	245
237	246
237	248
237	249
237	250
237	251
237	252
237	1204
237	1205
237	259
237	256
237	257
237	258
238	239
238	240
238	241
238	242
238	243
238	244
238	245
238	246
238	248
238	249
238	250
238	251
238	252
238	1204
238	1205
238	259
238	256
238	257
238	258
239	240
239	241
239	242
239	243
239	244
239	245
239	246
239	248
239	249
239	250
239	251
239	252
239	1204
239	1205
239	259
239	256
239	257
239	258
240	241
240	242
240	243
240	244
240	245
240	246
240	248
240	249
240	250
240	251
240	252
240	1204
240	1205
240	259
240	256
240	257
240	258
241	242
241	243
241	244
241	245
241	246
241	248
241	249
241	250
241	251
241	252
241	1204
241	1205
241	259
241	256
241	257
241	258
242	243
242	244
242	245
242	246
242	248
242	249
242	250
242	251
242	252
242	1204
242	1205
242	259
242	256
242	257
242	258
243	244
243	245
243	246
243	248
243	249
243	250
243	251
243	252
243	1204
243	1205
243	259
243	256
243	257
243	258
244	245
244	246
244	248
244	249
244	250
244	251
244	252
244	1204
244	1205
244	259
244	256
244	257
244	258
245	246
245	248
245	249
245	250
245	251
245	252
245	1204
245	1205
245	259
245	256
245	257
245	258
246	248
246	249
246	250
246	251
246	252
246	1204
246	1205
246	259
246	256
246	257
246	258
248	249
248	250
248	251
248	252
248	1204
248	1205
248	259
248	256
248	257
248	258
249	250
249	251
249	252
249	1204
249	1205
249	259
249	256
249	257
249	258
250	251
250	252
250	1204
250	1205
250	259
250	256
250	257
250	258
251	252
251	1204
251	1205
251	259
251	256
251	257
251	258
252	1204
252	1205
252	259
252	256
252	257
252	258
1204	1205
1204	259
1204	256
1204	257
1204	258
1205	259
1205	256
1205	257
1205	258
259	256
259	257
259	258
256	257
256	258
257	258
862	230
862	686
862	1202
862	298
862	867
862	868
862	877
230	686
230	1202
230	298
230	867
230	868
230	877
686	1202
686	298
686	867
686	868
686	877
1202	298
1202	867
1202	868
1202	877
298	867
298	868
298	877
867	868
867	877
868	877
748	749
748	751
748	753
748	754
749	751
749	753
749	754
751	753
751	754
753	754
665	666
665	193
665	195
665	196
665	197
665	198
666	193
666	195
666	196
666	197
666	198
193	195
193	196
193	197
193	198
195	196
195	197
195	198
196	197
196	198
197	198
717	718
717	719
717	720
717	721
717	728
717	723
717	724
717	725
717	726
717	729
717	730
717	731
717	732
717	734
717	735
717	739
717	737
717	738
717	742
717	740
718	719
718	720
718	721
718	728
718	723
718	724
718	725
718	726
718	729
718	730
718	731
718	732
718	734
718	735
718	739
718	737
718	738
718	742
718	740
719	720
719	721
719	728
719	723
719	724
719	725
719	726
719	729
719	730
719	731
719	732
719	734
719	735
719	739
719	737
719	738
719	742
719	740
720	721
720	728
720	723
720	724
720	725
720	726
720	729
720	730
720	731
720	732
720	734
720	735
720	739
720	737
720	738
720	742
720	740
721	728
721	723
721	724
721	725
721	726
721	729
721	730
721	731
721	732
721	734
721	735
721	739
721	737
721	738
721	742
721	740
728	723
728	724
728	725
728	726
728	729
728	730
728	731
728	732
728	734
728	735
728	739
728	737
728	738
728	742
728	740
723	724
723	725
723	726
723	729
723	730
723	731
723	732
723	734
723	735
723	739
723	737
723	738
723	742
723	740
724	725
724	726
724	729
724	730
724	731
724	732
724	734
724	735
724	739
724	737
724	738
724	742
724	740
725	726
725	729
725	730
725	731
725	732
725	734
725	735
725	739
725	737
725	738
725	742
725	740
726	729
726	730
726	731
726	732
726	734
726	735
726	739
726	737
726	738
726	742
726	740
729	730
729	731
729	732
729	734
729	735
729	739
729	737
729	738
729	742
729	740
730	731
730	732
730	734
730	735
730	739
730	737
730	738
730	742
730	740
731	732
731	734
731	735
731	739
731	737
731	738
731	742
731	740
732	734
732	735
732	739
732	737
732	738
732	742
732	740
734	735
734	739
734	737
734	738
734	742
734	740
735	739
735	737
735	738
735	742
735	740
739	737
739	738
739	742
739	740
737	738
737	742
737	740
738	742
738	740
742	740
1020	1021
1020	1022
1020	1023
1020	1024
1020	1025
1020	1026
1020	1027
1021	1022
1021	1023
1021	1024
1021	1025
1021	1026
1021	1027
1022	1023
1022	1024
1022	1025
1022	1026
1022	1027
1023	1024
1023	1025
1023	1026
1023	1027
1024	1025
1024	1026
1024	1027
1025	1026
1025	1027
1026	1027
617	621
617	622
617	623
617	624
617	625
617	626
617	627
617	628
617	312
621	622
621	623
621	624
621	625
621	626
621	627
621	628
621	312
622	623
622	624
622	625
622	626
622	627
622	628
622	312
623	624
623	625
623	626
623	627
623	628
623	312
625	624
625	626
625	627
625	628
625	312
626	624
626	627
626	628
626	312
627	624
627	628
627	312
628	624
628	312
830	834
830	183
830	833
830	835
830	836
830	188
830	838
830	839
830	841
830	203
830	843
830	844
830	845
830	217
830	847
830	848
830	849
834	183
834	833
834	835
834	836
834	188
834	838
834	839
834	841
834	203
834	843
834	844
834	845
834	217
834	847
834	848
834	849
183	833
183	835
183	836
183	188
183	838
183	839
183	841
183	203
183	843
183	844
183	845
183	217
183	847
183	848
183	849
833	835
833	836
833	188
833	838
833	839
833	841
833	203
833	843
833	844
833	845
833	217
833	847
833	848
833	849
835	836
835	188
835	838
835	839
835	841
835	203
835	843
835	844
835	845
835	217
835	847
835	848
835	849
836	188
836	838
836	839
836	841
836	203
836	843
836	844
836	845
836	217
836	847
836	848
836	849
188	838
188	839
188	841
188	203
188	843
188	844
188	845
188	217
188	847
188	848
188	849
838	839
838	841
838	203
838	843
838	844
838	845
838	217
838	847
838	848
838	849
839	841
839	203
839	843
839	844
839	845
839	217
839	847
839	848
839	849
841	203
841	843
841	844
841	845
841	217
841	847
841	848
841	849
203	843
203	844
203	845
203	217
203	847
203	848
203	849
843	844
843	845
843	217
843	847
843	848
843	849
844	845
844	217
844	847
844	848
844	849
845	217
845	847
845	848
845	849
217	847
217	848
217	849
847	848
847	849
848	849
48	49
48	54
48	51
48	57
48	58
48	59
49	54
49	51
49	57
49	58
49	59
54	51
54	57
54	58
54	59
51	57
51	58
51	59
57	58
57	59
58	59
904	19
904	27
904	22
19	27
19	22
27	22
924	926
924	927
924	928
924	929
924	930
924	931
924	932
926	927
926	928
926	929
926	930
926	931
926	932
927	928
927	929
927	930
927	931
927	932
928	929
928	930
928	931
928	932
929	930
929	931
929	932
930	931
930	932
931	932
254	260
254	261
254	262
254	263
254	264
254	265
254	266
254	267
254	268
254	269
254	272
254	1203
254	275
254	276
254	277
254	278
254	280
254	281
254	282
254	283
254	284
254	285
254	286
254	287
254	288
254	289
254	290
254	291
254	292
260	261
260	262
260	263
260	264
260	265
260	266
260	267
260	268
260	269
260	272
260	1203
260	275
260	276
260	277
260	278
260	280
260	281
260	282
260	283
260	284
260	285
260	286
260	287
260	288
260	289
260	290
260	291
260	292
261	262
261	263
261	264
261	265
261	266
261	267
261	268
261	269
261	272
261	1203
261	275
261	276
261	277
261	278
261	280
261	281
261	282
261	283
261	284
261	285
261	286
261	287
261	288
261	289
261	290
261	291
261	292
262	263
262	264
262	265
262	266
262	267
262	268
262	269
262	272
262	1203
262	275
262	276
262	277
262	278
262	280
262	281
262	282
262	283
262	284
262	285
262	286
262	287
262	288
262	289
262	290
262	291
262	292
263	264
263	265
263	266
263	267
263	268
263	269
263	272
263	1203
263	275
263	276
263	277
263	278
263	280
263	281
263	282
263	283
263	284
263	285
263	286
263	287
263	288
263	289
263	290
263	291
263	292
264	265
264	266
264	267
264	268
264	269
264	272
264	1203
264	275
264	276
264	277
264	278
264	280
264	281
264	282
264	283
264	284
264	285
264	286
264	287
264	288
264	289
264	290
264	291
264	292
265	266
265	267
265	268
265	269
265	272
265	1203
265	275
265	276
265	277
265	278
265	280
265	281
265	282
265	283
265	284
265	285
265	286
265	287
265	288
265	289
265	290
265	291
265	292
266	267
266	268
266	269
266	272
266	1203
266	275
266	276
266	277
266	278
266	280
266	281
266	282
266	283
266	284
266	285
266	286
266	287
266	288
266	289
266	290
266	291
266	292
267	268
267	269
267	272
267	1203
267	275
267	276
267	277
267	278
267	280
267	281
267	282
267	283
267	284
267	285
267	286
267	287
267	288
267	289
267	290
267	291
267	292
268	269
268	272
268	1203
268	275
268	276
268	277
268	278
268	280
268	281
268	282
268	283
268	284
268	285
268	286
268	287
268	288
268	289
268	290
268	291
268	292
269	272
269	1203
269	275
269	276
269	277
269	278
269	280
269	281
269	282
269	283
269	284
269	285
269	286
269	287
269	288
269	289
269	290
269	291
269	292
272	1203
272	275
272	276
272	277
272	278
272	280
272	281
272	282
272	283
272	284
272	285
272	286
272	287
272	288
272	289
272	290
272	291
272	292
1203	275
1203	276
1203	277
1203	278
1203	280
1203	281
1203	282
1203	283
1203	284
1203	285
1203	286
1203	287
1203	288
1203	289
1203	290
1203	291
1203	292
275	276
275	277
275	278
275	280
275	281
275	282
275	283
275	284
275	285
275	286
275	287
275	288
275	289
275	290
275	291
275	292
276	277
276	278
276	280
276	281
276	282
276	283
276	284
276	285
276	286
276	287
276	288
276	289
276	290
276	291
276	292
277	278
277	280
277	281
277	282
277	283
277	284
277	285
277	286
277	287
277	288
277	289
277	290
277	291
277	292
278	280
278	281
278	282
278	283
278	284
278	285
278	286
278	287
278	288
278	289
278	290
278	291
278	292
280	281
280	282
280	283
280	284
280	285
280	286
280	287
280	288
280	289
280	290
280	291
280	292
281	282
281	283
281	284
281	285
281	286
281	287
281	288
281	289
281	290
281	291
281	292
282	283
282	284
282	285
282	286
282	287
282	288
282	289
282	290
282	291
282	292
283	284
283	285
283	286
283	287
283	288
283	289
283	290
283	291
283	292
284	285
284	286
284	287
284	288
284	289
284	290
284	291
284	292
285	286
285	287
285	288
285	289
285	290
285	291
285	292
286	287
286	288
286	289
286	290
286	291
286	292
287	288
287	289
287	290
287	291
287	292
288	289
288	290
288	291
288	292
289	290
289	291
289	292
290	291
290	292
291	292
760	764
760	769
760	770
760	771
760	772
760	773
760	775
760	776
764	769
764	770
764	771
764	772
764	773
764	775
764	776
769	770
769	771
769	772
769	773
769	775
769	776
770	771
770	772
770	773
770	775
770	776
771	772
771	773
771	775
771	776
772	773
772	775
772	776
773	775
773	776
775	776
775	878
775	165
775	166
775	884
775	173
775	176
775	177
775	173
775	902
775	174
775	175
656	562
656	657
656	658
656	661
656	659
562	657
562	658
562	661
562	659
657	658
657	661
657	659
658	661
658	659
661	659
797	789
797	790
797	791
797	792
797	793
797	798
797	803
797	806
797	906
797	1143
797	1144
797	1145
797	357
797	1146
797	1147
797	1150
797	1154
797	1152
797	1153
903	905
903	906
903	907
903	908
903	909
903	910
905	906
905	907
905	908
905	909
905	910
906	907
906	908
906	909
906	910
906	1143
906	1144
906	1145
906	357
906	1146
906	1147
906	1150
906	1154
906	1152
906	1153
907	908
907	909
907	910
908	909
908	910
909	910
1143	1144
1143	1145
1143	357
1143	1146
1143	1147
1143	1150
1143	1154
1143	1152
1143	1153
1144	1145
1144	357
1144	1146
1144	1147
1144	1150
1144	1154
1144	1152
1144	1153
1145	357
1145	1146
1145	1147
1145	1150
1145	1154
1145	1152
1145	1153
357	1146
357	1147
357	1150
357	1154
357	1152
357	1153
1146	1147
1146	1150
1146	1154
1146	1152
1146	1153
1147	1150
1147	1154
1147	1152
1147	1153
1150	1154
1150	1152
1150	1153
1154	1152
1154	1153
1152	1153
146	147
146	706
146	712
146	716
147	706
147	712
147	716
706	712
706	716
712	716
1073	1075
1073	1076
1073	1077
1073	1079
1073	1080
1073	1082
1073	1083
1073	1090
1073	1091
1073	1087
1073	1088
1073	1089
1075	1076
1075	1077
1075	1079
1075	1080
1075	1082
1075	1083
1075	1090
1075	1091
1075	1087
1075	1088
1075	1089
1076	1077
1076	1079
1076	1080
1076	1082
1076	1083
1076	1090
1076	1091
1076	1087
1076	1088
1076	1089
1077	1079
1077	1080
1077	1082
1077	1083
1077	1090
1077	1091
1077	1087
1077	1088
1077	1089
1079	1080
1079	1082
1079	1083
1079	1090
1079	1091
1079	1087
1079	1088
1079	1089
1080	1082
1080	1083
1080	1090
1080	1091
1080	1087
1080	1088
1080	1089
1082	1083
1082	1090
1082	1091
1082	1087
1082	1088
1082	1089
1083	1090
1083	1091
1083	1087
1083	1088
1083	1089
1090	1091
1090	1087
1090	1088
1090	1089
1091	1087
1091	1088
1091	1089
1087	1088
1087	1089
1088	1089
688	689
688	692
688	693
688	694
688	697
688	698
689	692
689	693
689	694
689	697
689	698
692	693
692	694
692	697
692	698
693	694
693	697
693	698
694	697
694	698
697	698
474	37
474	38
37	38
1193	1194
1193	1195
1193	1196
1193	1197
1193	1198
1193	1199
1193	1200
1193	1201
1194	1195
1194	1196
1194	1197
1194	1198
1194	1199
1194	1200
1194	1201
1195	1196
1195	1197
1195	1198
1195	1199
1195	1200
1195	1201
1196	1197
1196	1198
1196	1199
1196	1200
1196	1201
1196	609
1197	1198
1197	1199
1197	1200
1197	1201
1198	1199
1198	1200
1198	1201
1199	1200
1199	1201
1200	1201
1210	1211
1210	1212
1210	1214
1210	1215
1210	1214
1210	1213
1211	1212
1211	1214
1211	1215
1211	1214
1211	1213
1212	1214
1212	1215
1212	1214
1212	1213
1214	1215
1215	1214
1215	1213
1214	1213
73	76
73	79
73	86
76	79
76	86
79	86
863	864
863	865
863	866
863	870
863	872
863	873
863	874
863	875
864	865
864	866
864	870
864	872
864	873
864	874
864	875
865	866
865	870
865	872
865	873
865	874
865	875
866	870
866	872
866	873
866	874
866	875
870	872
870	873
870	874
870	875
872	873
872	874
872	875
873	874
873	875
874	875
408	409
408	410
408	411
408	1072
409	410
409	411
409	1072
410	411
410	1072
411	1072
221	837
221	846
221	840
221	850
221	851
221	852
221	853
221	854
221	855
221	856
837	846
837	840
837	850
837	851
837	852
837	853
837	854
837	855
837	856
846	840
846	850
846	851
846	852
846	853
846	854
846	855
846	856
840	850
840	851
840	852
840	853
840	854
840	855
840	856
850	851
850	852
850	853
850	854
850	855
850	856
851	852
851	853
851	854
851	855
851	856
852	853
852	854
852	855
852	856
853	854
853	855
853	856
854	855
854	856
855	856
1108	1109
1108	1110
1108	1111
1108	1112
1108	1113
1108	1114
1108	1124
1108	1126
1109	1110
1109	1111
1109	1112
1109	1113
1109	1114
1109	1124
1109	1126
1110	1111
1110	1112
1110	1113
1110	1114
1110	1124
1110	1126
1111	1112
1111	1113
1111	1114
1111	1124
1111	1126
1112	1113
1112	1114
1112	1124
1112	1126
1113	1114
1113	1124
1113	1126
1114	1124
1114	1126
1124	1126
381	382
381	384
381	385
381	386
381	388
381	390
381	392
381	393
381	394
381	396
382	384
382	385
382	386
382	388
382	390
382	392
382	393
382	394
382	396
384	385
384	386
384	388
384	390
384	392
384	393
384	394
384	396
385	386
385	388
385	390
385	392
385	393
385	394
385	396
386	388
386	390
386	392
386	393
386	394
386	396
388	390
388	392
388	393
388	394
388	396
390	392
390	393
390	394
390	396
392	393
392	394
392	396
393	394
393	396
394	396
1032	1033
1032	1034
1032	308
1032	309
1032	1037
1032	332
1032	342
1032	345
1032	353
1033	1034
1033	308
1033	309
1033	1037
1033	332
1033	342
1033	345
1033	353
1034	308
1034	309
1034	1037
1034	332
1034	342
1034	345
1034	353
308	309
308	1037
308	332
308	342
308	345
308	353
309	1037
309	332
309	342
309	345
309	353
1037	332
1037	342
1037	345
1037	353
332	342
332	345
332	353
342	345
342	353
345	353
444	449
444	450
444	453
444	456
444	695
444	459
444	703
444	461
444	462
444	464
444	465
449	450
449	453
449	456
449	695
449	459
449	703
449	461
449	462
449	464
449	465
450	453
450	456
450	695
450	459
450	703
450	461
450	462
450	464
450	465
453	456
453	695
453	459
453	703
453	461
453	462
453	464
453	465
456	695
456	459
456	703
456	461
456	462
456	464
456	465
695	459
695	703
695	461
695	462
695	464
695	465
459	703
459	461
459	462
459	464
459	465
703	461
703	462
703	464
703	465
461	462
461	464
461	465
462	464
462	465
464	465
573	576
573	577
573	578
573	580
573	581
573	582
576	577
576	578
576	580
576	581
576	582
577	578
577	580
577	581
577	582
578	580
578	581
578	582
580	581
580	582
581	582
1060	1065
1060	1062
1060	1063
1060	1064
1060	1066
1060	1067
1060	1068
1060	1069
1060	1070
1060	1071
1060	1078
1060	1081
1065	1062
1065	1063
1065	1064
1065	1066
1065	1067
1065	1068
1065	1069
1065	1070
1065	1071
1065	1078
1065	1081
1062	1063
1062	1064
1062	1066
1062	1067
1062	1068
1062	1069
1062	1070
1062	1071
1062	1078
1062	1081
1063	1064
1063	1066
1063	1067
1063	1068
1063	1069
1063	1070
1063	1071
1063	1078
1063	1081
1064	1066
1064	1067
1064	1068
1064	1069
1064	1070
1064	1071
1064	1078
1064	1081
1066	1067
1066	1068
1066	1069
1066	1070
1066	1071
1066	1078
1066	1081
1067	1068
1067	1069
1067	1070
1067	1071
1067	1078
1067	1081
1068	1069
1068	1070
1068	1071
1068	1078
1068	1081
1069	1070
1069	1071
1069	1078
1069	1081
1070	1071
1070	1078
1070	1081
1071	1078
1071	1081
1078	1081
135	139
135	140
135	138
135	141
135	796
135	802
135	805
135	145
135	154
135	820
135	156
139	140
139	138
139	141
139	796
139	802
139	805
139	145
139	154
139	820
139	156
140	138
140	141
140	796
140	802
140	805
140	145
140	154
140	820
140	156
138	141
138	796
138	802
138	805
138	145
138	154
138	820
138	156
141	796
141	802
141	805
141	145
141	154
141	820
141	156
796	802
796	805
796	145
796	154
796	820
796	156
802	805
802	145
802	154
802	820
802	156
805	145
805	154
805	820
805	156
145	154
145	820
145	156
154	820
154	156
820	156
878	165
878	166
878	884
878	173
878	176
878	177
878	173
878	902
878	174
878	175
165	166
165	884
165	173
165	176
165	177
165	173
165	902
165	174
165	175
166	884
166	173
166	176
166	177
166	173
166	902
166	174
166	175
884	173
884	176
884	177
884	173
884	902
884	174
884	175
173	176
173	177
173	173
173	902
173	174
173	175
176	177
176	173
176	902
176	174
176	175
177	173
177	902
177	174
177	175
173	902
173	174
173	175
902	174
902	175
174	175
789	790
789	791
789	792
789	793
789	798
789	803
789	806
790	791
790	792
790	793
790	798
790	803
790	806
791	792
791	793
791	798
791	803
791	806
792	793
792	798
792	803
792	806
793	798
793	803
793	806
798	803
798	806
803	806
919	936
919	937
919	938
919	939
919	940
919	941
919	942
919	943
919	944
919	945
919	946
919	947
919	948
919	949
919	949
919	950
919	951
919	952
919	953
919	954
919	955
919	956
919	957
919	958
919	959
936	937
936	938
936	939
936	940
936	941
936	942
936	943
936	944
936	945
936	946
936	947
936	948
936	949
936	949
936	950
936	951
936	952
936	953
936	954
936	955
936	956
936	957
936	958
936	959
937	938
937	939
937	940
937	941
937	942
937	943
937	944
937	945
937	946
937	947
937	948
937	949
937	949
937	950
937	951
937	952
937	953
937	954
937	955
937	956
937	957
937	958
937	959
938	939
938	940
938	941
938	942
938	943
938	944
938	945
938	946
938	947
938	948
938	949
938	949
938	950
938	951
938	952
938	953
938	954
938	955
938	956
938	957
938	958
938	959
939	940
939	941
939	942
939	943
939	944
939	945
939	946
939	947
939	948
939	949
939	949
939	950
939	951
939	952
939	953
939	954
939	955
939	956
939	957
939	958
939	959
940	941
940	942
940	943
940	944
940	945
940	946
940	947
940	948
940	949
940	949
940	950
940	951
940	952
940	953
940	954
940	955
940	956
940	957
940	958
940	959
941	942
941	943
941	944
941	945
941	946
941	947
941	948
941	949
941	949
941	950
941	951
941	952
941	953
941	954
941	955
941	956
941	957
941	958
941	959
942	943
942	944
942	945
942	946
942	947
942	948
942	949
942	949
942	950
942	951
942	952
942	953
942	954
942	955
942	956
942	957
942	958
942	959
943	944
943	945
943	946
943	947
943	948
943	949
943	949
943	950
943	951
943	952
943	953
943	954
943	955
943	956
943	957
943	958
943	959
944	945
944	946
944	947
944	948
944	949
944	949
944	950
944	951
944	952
944	953
944	954
944	955
944	956
944	957
944	958
944	959
945	946
945	947
945	948
945	949
945	949
945	950
945	951
945	952
945	953
945	954
945	955
945	956
945	957
945	958
945	959
946	947
946	948
946	949
946	949
946	950
946	951
946	952
946	953
946	954
946	955
946	956
946	957
946	958
946	959
947	948
947	949
947	949
947	950
947	951
947	952
947	953
947	954
947	955
947	956
947	957
947	958
947	959
948	949
948	949
948	950
948	951
948	952
948	953
948	954
948	955
948	956
948	957
948	958
948	959
949	949
949	950
949	951
949	952
949	953
949	954
949	955
949	956
949	957
949	958
949	959
949	950
949	951
949	952
949	953
949	954
949	955
949	956
949	957
949	958
949	959
950	951
950	952
950	953
950	954
950	955
950	956
950	957
950	958
950	959
951	952
951	953
951	954
951	955
951	956
951	957
951	958
951	959
952	953
952	954
952	955
952	956
952	957
952	958
952	959
953	954
953	955
953	956
953	957
953	958
953	959
954	955
954	956
954	957
954	958
954	959
955	956
955	957
955	958
955	959
956	957
956	958
956	959
957	958
957	959
958	959
39	45
39	41
39	42
39	43
39	44
39	46
45	41
45	42
45	43
45	44
45	46
41	42
41	43
41	44
41	46
42	43
42	44
42	46
43	44
43	46
44	46
