246	954
246	1165
246	48
246	11
246	467
246	148
954	1165
954	48
954	11
954	148
1165	48
1165	11
1165	467
1165	407
1165	148
48	11
48	467
48	148
11	148
467	970
407	25
407	1115
407	383
407	260
407	21
407	727
407	289
407	167
407	559
407	600
407	147
407	147
407	714
407	102
407	432
407	619
407	1139
25	1115
25	383
25	260
25	21
25	200
25	360
25	125
25	621
25	994
25	275
25	629
25	631
25	452
25	1190
25	854
25	211
25	644
25	1238
25	1168
25	727
25	703
25	808
25	386
25	993
25	63
25	705
25	201
25	1022
25	774
25	511
25	772
25	289
25	1179
25	505
25	294
25	184
25	874
25	167
25	811
25	1002
25	382
25	955
25	262
25	887
25	1170
25	824
25	111
25	1196
25	612
25	1102
25	131
25	791
25	36
25	971
25	353
25	1090
25	801
25	204
25	45
25	535
25	1099
25	384
25	927
25	1155
25	535
25	133
25	241
25	591
25	139
25	241
25	1186
25	421
25	1235
25	127
25	1055
25	440
25	114
25	34
25	18
25	753
25	836
25	744
25	360
25	638
25	559
25	600
25	147
25	147
25	714
25	102
25	432
25	619
25	1139
25	1059
25	292
25	1175
25	886
25	884
25	395
25	683
25	939
25	340
25	976
25	805
25	1009
25	665
25	230
25	51
25	926
25	525
25	577
25	473
25	217
25	1118
25	812
25	506
25	107
25	938
25	249
25	578
25	156
25	780
25	338
25	389
25	261
25	523
25	1007
25	776
25	807
25	476
1115	383
1115	260
1115	21
1115	414
1115	675
1115	200
1115	840
1115	360
1115	125
1115	621
1115	994
1115	629
1115	452
1115	1190
1115	418
1115	854
1115	211
1115	644
1115	1238
1115	1168
1115	980
1115	579
1115	1042
1115	635
1115	894
1115	1000
1115	843
1115	953
1115	676
1115	727
1115	98
1115	351
1115	173
1115	894
1115	808
1115	572
1115	386
1115	16
1115	993
1115	63
1115	858
1115	705
1115	74
1115	984
1115	201
1115	17
1115	867
1115	1022
1115	685
1115	1189
1115	1200
1115	19
1115	774
1115	466
1115	590
1115	1010
1115	552
1115	885
1115	39
1115	333
1115	202
1115	484
1115	542
1115	1140
1115	1026
1115	370
1115	289
1115	761
1115	425
1115	409
1115	219
1115	343
1115	903
1115	510
1115	1158
1115	661
1115	1132
1115	429
1115	1087
1115	1087
1115	1179
1115	505
1115	167
1115	1219
1115	80
1115	587
1115	31
1115	183
1115	995
1115	496
1115	625
1115	349
1115	263
1115	81
1115	309
1115	649
1115	1051
1115	734
1115	1177
1115	67
1115	243
1115	488
1115	270
1115	254
1115	288
1115	272
1115	1122
1115	1170
1115	10
1115	891
1115	1075
1115	378
1115	944
1115	145
1115	357
1115	1015
1115	491
1115	33
1115	914
1115	700
1115	786
1115	302
1115	824
1115	2
1115	871
1115	715
1115	1127
1115	1107
1115	212
1115	585
1115	293
1115	678
1115	344
1115	882
1115	564
1115	712
1115	657
1115	645
1115	1065
1115	509
1115	844
1115	739
1115	1024
1115	434
1115	692
1115	692
1115	1236
1115	889
1115	189
1115	486
1115	205
1115	1097
1115	915
1115	137
1115	800
1115	1164
1115	396
1115	956
1115	606
1115	290
1115	1076
1115	1066
1115	1235
1115	1120
1115	1056
1115	771
1115	742
1115	722
1115	88
1115	178
1115	450
1115	493
1115	1205
1115	462
1115	0
1115	477
1115	883
1115	416
1115	446
1115	783
1115	134
1115	942
1115	1088
1115	1214
1115	176
1115	640
1115	617
1115	495
1115	198
1115	628
1115	925
1115	775
1115	1093
1115	819
1115	563
1115	779
1115	394
1115	461
1115	608
1115	1233
1115	83
1115	448
1115	908
1115	86
1115	222
1115	848
1115	522
1115	717
1115	558
1115	318
1115	13
1115	1121
1115	781
1115	787
1115	931
1115	1054
1115	934
1115	816
1115	730
1115	1036
1115	737
1115	228
1115	188
1115	43
1115	105
1115	736
1115	393
1115	726
1115	735
1115	937
1115	620
1115	293
1115	360
1115	428
1115	565
1115	571
1115	9
1115	831
1115	662
1115	643
1115	559
1115	600
1115	147
1115	147
1115	714
1115	102
1115	432
1115	619
1115	1139
1115	1114
1115	707
1115	84
1115	501
1115	755
1115	1034
1115	544
1115	1109
1115	594
1115	325
1115	877
1115	442
1115	227
1115	594
1115	1004
1115	1073
1115	725
1115	1201
1115	790
1115	253
1115	701
1115	823
1115	368
1115	917
1115	556
1115	454
1115	507
1115	812
1115	506
1115	107
1115	780
1115	338
1115	389
1115	261
383	260
383	21
383	360
383	1190
383	418
383	1238
383	1168
383	727
383	98
383	173
383	808
383	386
383	993
383	63
383	858
383	705
383	201
383	867
383	774
383	289
383	505
383	167
383	1219
383	1127
383	564
383	712
383	657
383	645
383	1065
383	509
383	844
383	739
383	1024
383	434
383	692
383	692
383	1236
383	889
383	189
383	486
383	205
383	1097
383	915
383	137
383	800
383	1164
383	396
383	956
383	606
383	290
383	1066
383	1235
383	942
383	1088
383	1214
383	176
383	640
383	617
383	495
383	198
383	628
383	925
383	775
383	1093
383	819
383	563
383	779
383	394
383	461
383	440
383	114
383	34
383	18
383	1106
383	360
383	428
383	559
383	600
383	147
383	147
383	714
383	102
383	432
383	619
383	1139
383	249
383	578
383	156
260	21
260	675
260	360
260	1190
260	418
260	1238
260	727
260	98
260	808
260	572
260	386
260	16
260	431
260	993
260	63
260	705
260	1022
260	542
260	1140
260	289
260	167
260	1170
260	1066
260	241
260	591
260	139
260	241
260	1186
260	421
260	942
260	1088
260	1214
260	176
260	640
260	617
260	495
260	198
260	628
260	925
260	775
260	1093
260	819
260	563
260	779
260	394
260	461
260	559
260	600
260	147
260	147
260	714
260	102
260	432
260	619
260	1139
21	675
21	360
21	1190
21	418
21	1238
21	727
21	98
21	808
21	572
21	386
21	16
21	431
21	993
21	63
21	705
21	1022
21	542
21	1140
21	289
21	167
21	1170
21	1066
21	241
21	591
21	139
21	241
21	1186
21	421
21	942
21	1088
21	1214
21	176
21	640
21	617
21	495
21	198
21	628
21	925
21	775
21	1093
21	819
21	563
21	779
21	394
21	461
21	559
21	600
21	147
21	147
21	714
21	102
21	432
21	619
21	1139
200	840
200	360
200	125
200	703
200	882
200	1203
200	849
200	175
200	97
200	968
200	909
200	257
200	1204
200	804
200	605
200	265
200	580
200	1028
200	759
200	710
200	1123
200	1025
200	1178
200	177
200	1197
200	225
200	146
200	806
360	414
360	1217
360	840
360	125
360	1190
360	418
360	1238
360	1000
360	727
360	98
360	173
360	808
360	386
360	993
360	63
360	705
360	201
360	17
360	1074
360	774
360	505
360	294
360	184
360	874
360	1219
360	1122
360	491
360	33
360	914
360	700
360	786
360	302
360	824
360	2
360	871
360	573
360	456
360	1127
360	973
360	933
360	53
360	1080
360	1130
360	950
360	481
360	479
360	229
360	684
360	979
360	12
360	1103
360	797
360	956
360	1066
360	241
360	591
360	139
360	241
360	1186
360	421
360	127
360	1142
360	799
360	636
360	274
360	666
360	119
360	942
360	1088
360	1214
360	176
360	640
360	617
360	495
360	198
360	628
360	925
360	775
360	1093
360	819
360	563
360	779
360	394
360	461
360	222
360	848
360	522
360	717
360	558
360	318
360	13
360	1121
360	781
360	787
360	931
360	1054
360	934
360	816
360	730
360	1036
360	737
360	228
360	188
360	836
360	744
360	360
360	638
360	428
360	395
360	683
360	939
360	340
360	976
360	805
360	1009
360	665
360	230
360	51
360	926
360	525
360	577
360	473
360	938
360	523
360	1007
360	776
360	807
360	476
125	840
125	1190
125	1238
125	808
125	386
125	127
125	395
125	683
125	939
125	340
125	976
125	805
125	1009
125	665
125	230
125	51
125	926
125	525
125	577
125	473
621	994
621	275
621	629
621	631
621	452
621	854
621	211
621	644
994	275
994	629
994	631
994	452
994	854
994	211
994	644
275	629
275	631
275	452
629	631
629	452
629	854
629	211
629	644
631	452
452	854
452	211
452	644
1190	418
1190	852
1190	1238
1190	1168
1190	980
1190	579
1190	1042
1190	635
1190	894
1190	1000
1190	843
1190	953
1190	676
1190	173
1190	808
1190	386
1190	993
1190	63
1190	774
1190	505
1190	824
1190	1127
1190	615
1190	873
1190	825
1190	865
1190	765
1190	768
1190	90
1190	127
1190	222
1190	848
1190	522
1190	717
1190	558
1190	318
1190	13
1190	1121
1190	781
1190	787
1190	931
1190	1054
1190	934
1190	816
1190	730
1190	1036
1190	737
1190	228
1190	188
1190	395
1190	683
1190	939
1190	340
1190	976
1190	805
1190	1009
1190	665
1190	230
1190	51
1190	926
1190	525
1190	577
1190	473
854	211
854	644
211	644
1238	1168
1238	173
1238	808
1238	386
1238	63
1238	705
1238	1022
1238	1170
1238	1107
1238	212
1238	585
1238	144
1238	691
1238	760
1238	403
1238	575
1238	682
1238	991
1238	751
1238	1196
1238	1102
1238	131
1238	791
1238	36
1238	971
1238	353
1238	1090
1238	801
1238	204
1238	45
1238	535
1238	1099
1238	384
1238	927
1238	1155
1238	535
1238	133
1238	127
1238	608
1238	222
1238	848
1238	522
1238	717
1238	558
1238	318
1238	13
1238	1121
1238	781
1238	787
1238	931
1238	1054
1238	565
1238	395
1238	683
1238	939
1238	340
1238	976
1238	805
1238	1009
1238	665
1238	230
1238	51
1238	926
1238	525
1238	577
1238	473
1168	840
1168	808
1168	386
1168	511
1168	772
1168	70
1168	30
1168	55
1168	1219
1168	381
1168	1068
1168	974
1168	698
1168	999
1168	1035
1168	268
1168	576
1168	91
1168	963
1168	1224
1168	96
1168	1169
1168	878
1168	172
1168	1119
1168	217
1168	1118
727	98
727	808
727	63
727	705
727	201
727	774
727	289
727	294
727	184
727	874
727	167
727	1066
727	311
727	942
727	1088
727	1214
727	176
727	640
727	617
727	495
727	198
727	628
727	925
727	775
727	1093
727	819
727	563
727	779
727	394
727	461
727	428
727	559
727	600
727	147
727	147
727	714
727	102
727	432
727	619
727	1139
703	399
703	220
703	777
703	792
703	604
703	463
808	418
808	98
808	386
808	993
808	63
808	705
808	685
808	1189
808	1200
808	19
808	774
808	466
808	590
808	245
808	518
808	366
808	630
808	895
808	1128
808	1111
808	656
808	412
808	516
808	1008
808	1046
808	247
808	511
808	772
808	505
808	1219
808	1134
808	1122
808	824
808	1127
808	42
808	916
808	1108
808	24
808	115
808	354
808	244
808	124
808	1066
808	264
808	120
808	1020
808	919
808	419
808	127
808	1142
808	799
808	636
808	274
808	666
808	119
808	942
808	1088
808	1214
808	176
808	640
808	617
808	495
808	198
808	628
808	925
808	775
808	1093
808	819
808	563
808	779
808	394
808	461
808	440
808	114
808	34
808	18
808	326
808	82
808	1216
808	1149
808	528
808	46
808	222
808	848
808	522
808	717
808	558
808	318
808	13
808	1121
808	781
808	787
808	931
808	1054
808	934
808	816
808	730
808	1036
808	737
808	228
808	188
808	502
808	680
808	223
808	767
808	377
808	295
808	940
808	44
808	1011
808	66
808	395
808	683
808	939
808	340
808	976
808	805
808	1009
808	665
808	230
808	51
808	926
808	525
808	577
808	473
808	217
808	1118
386	418
386	98
386	173
386	572
386	16
386	431
386	993
386	187
386	74
386	984
386	201
386	17
386	774
386	505
386	10
386	891
386	1075
386	378
386	944
386	145
386	357
386	1015
386	491
386	33
386	914
386	700
386	786
386	302
386	824
386	2
386	871
386	1127
386	684
386	979
386	12
386	1103
386	797
386	1066
386	127
386	1106
386	222
386	848
386	522
386	717
386	558
386	318
386	13
386	1121
386	781
386	787
386	931
386	1054
386	934
386	816
386	730
386	1036
386	737
386	228
386	188
386	395
386	683
386	507
386	939
386	340
386	976
386	805
386	1009
386	665
386	230
386	51
386	926
386	525
386	577
386	473
386	1151
993	418
993	98
993	173
993	63
993	858
993	187
993	74
993	984
993	201
993	17
993	239
993	838
993	555
993	986
993	310
993	784
993	190
993	1151
63	675
63	418
63	1000
63	173
63	1074
63	1196
63	293
63	882
63	1102
63	131
63	791
63	36
63	971
63	353
63	1090
63	801
63	204
63	45
63	535
63	1099
63	384
63	927
63	1155
63	535
63	133
63	440
63	114
63	34
63	18
63	293
63	360
63	428
705	418
705	98
705	527
705	811
705	1002
705	382
705	955
705	262
705	887
705	57
705	824
705	607
705	1066
705	311
705	942
705	1088
705	1214
705	176
705	640
705	617
705	495
705	198
705	628
705	925
705	775
705	1093
705	819
705	563
705	779
705	394
705	461
705	1166
705	1060
705	803
705	1222
705	1144
705	26
705	1038
705	513
705	400
705	373
705	959
705	690
705	960
705	186
705	221
705	315
705	613
705	449
705	1206
705	832
705	1213
705	762
705	910
705	694
201	414
201	98
201	173
201	187
201	74
201	984
201	17
201	774
201	294
201	184
201	874
201	836
201	744
201	360
201	638
201	1151
1022	1170
774	418
774	173
774	685
774	1189
774	1200
774	19
774	466
774	590
774	505
774	294
774	184
774	874
774	1127
774	1235
774	1142
774	799
774	636
774	274
774	666
774	119
774	360
774	428
774	507
774	249
774	578
774	156
511	772
511	217
511	1118
772	217
772	1118
289	167
289	559
289	600
289	147
289	147
289	714
289	102
289	432
289	619
289	1139
1179	505
505	418
505	173
505	641
505	1127
505	105
505	155
505	1062
505	817
505	967
294	184
294	874
184	874
167	559
167	600
167	147
167	147
167	714
167	102
167	432
167	619
167	1139
811	1002
811	382
811	955
811	262
811	887
1002	382
1002	955
1002	262
1002	887
382	955
382	262
382	887
955	262
955	887
262	887
1170	238
1170	451
1170	1235
1170	498
1170	1016
1170	280
1170	301
1170	79
824	418
824	491
824	33
824	914
824	700
824	786
824	302
824	2
824	871
824	1080
824	950
824	481
824	229
824	717
824	558
824	318
824	13
824	781
824	934
824	816
824	730
824	1036
824	737
824	228
824	188
824	938
824	523
824	1007
824	776
824	807
824	476
111	173
1196	1102
1196	131
1196	791
1196	36
1196	971
1196	353
1196	1090
1196	801
1196	204
1196	45
1196	535
1196	1099
1196	384
1196	927
1196	1155
1196	535
1196	133
612	360
1102	131
1102	791
1102	36
1102	971
1102	353
1102	1090
1102	801
1102	204
1102	45
1102	535
1102	1099
1102	384
1102	927
1102	1155
1102	535
1102	133
131	791
131	36
131	971
131	353
131	1090
131	801
131	204
131	45
131	535
131	1099
131	384
131	927
131	1155
131	535
131	133
131	149
131	859
131	132
131	796
131	224
791	36
791	971
791	353
791	1090
791	801
791	204
791	45
791	535
791	1099
791	384
791	927
791	1155
791	535
791	133
36	971
36	353
36	1090
36	801
36	204
36	45
36	535
36	1099
36	384
36	927
36	1155
36	535
36	133
971	353
971	1090
971	801
971	204
971	45
971	535
971	1099
971	384
971	927
971	1155
971	535
971	133
971	149
971	859
971	132
971	796
971	224
353	1090
353	801
353	204
353	45
353	535
353	1099
353	384
353	927
353	1155
353	535
353	133
353	149
353	859
353	132
353	796
353	224
1090	801
1090	204
1090	45
1090	535
1090	1099
1090	384
1090	927
1090	1155
1090	535
1090	133
801	204
801	45
801	535
801	1099
801	384
801	927
801	1155
801	535
801	133
801	149
801	859
801	132
801	796
801	224
204	45
204	535
204	1099
204	384
204	927
204	1155
204	535
204	133
204	149
204	859
204	132
204	796
204	224
45	535
45	1099
45	384
45	927
45	1155
45	535
45	133
45	149
45	859
45	132
45	796
45	224
535	1099
535	384
535	927
535	1155
535	535
535	133
535	149
535	859
535	132
535	796
535	224
1099	384
1099	927
1099	1155
1099	535
1099	133
1099	149
1099	859
1099	132
1099	796
1099	224
384	927
384	1155
384	535
384	133
384	149
384	859
384	132
384	796
384	224
927	1155
927	535
927	133
1155	535
1155	133
535	133
133	149
133	859
133	132
133	796
133	224
241	591
241	139
241	241
241	1186
241	421
591	139
591	241
591	1186
591	421
139	241
139	1186
139	421
241	1186
241	421
1186	421
1235	956
1235	238
1235	451
1235	498
1235	1016
1235	280
1235	301
1235	79
1235	1056
1235	771
1235	742
1235	722
1235	88
1235	178
1235	450
1235	493
1235	1205
1235	462
1235	0
1235	477
1235	883
1235	416
1235	446
1235	783
1235	360
1235	249
1235	578
1235	156
127	395
127	683
127	939
127	340
127	976
127	805
127	1009
127	665
127	230
127	51
127	926
127	525
127	577
127	473
1055	753
1055	1059
1055	292
1055	1175
1055	886
1055	884
440	114
440	34
440	106
440	18
114	34
114	106
114	18
34	106
34	18
18	106
753	1059
753	292
753	1175
753	886
753	884
836	744
836	360
836	638
744	360
744	638
360	293
360	882
360	293
360	638
360	812
360	506
360	107
360	249
360	578
360	156
360	780
360	338
360	389
360	261
559	600
559	147
559	147
559	714
559	102
559	432
559	619
559	1139
600	147
600	147
600	714
600	102
600	432
600	619
600	1139
147	147
147	714
147	102
147	432
147	619
147	1139
147	714
147	102
147	432
147	619
147	1139
714	102
714	432
714	619
714	1139
102	432
102	619
102	1139
432	619
432	1139
619	1139
1059	292
1059	1175
1059	886
1059	884
292	1175
292	886
292	884
1175	886
1175	884
886	884
395	683
395	939
395	340
395	976
395	805
395	1009
395	665
395	230
395	51
395	926
395	525
395	577
395	473
683	939
683	340
683	976
683	805
683	1009
683	665
683	230
683	51
683	926
683	525
683	577
683	473
939	340
939	976
939	805
939	1009
939	665
939	230
939	51
939	926
939	525
939	577
939	473
340	976
340	805
340	1009
340	665
340	230
340	51
340	926
340	525
340	577
340	473
976	805
976	1009
976	665
976	230
976	51
976	926
976	525
976	577
976	473
805	1009
805	665
805	230
805	51
805	926
805	525
805	577
805	473
1009	665
1009	230
1009	51
1009	926
1009	525
1009	577
1009	473
665	230
665	51
665	926
665	525
665	577
665	473
230	51
230	926
230	525
230	577
230	473
51	926
51	525
51	577
51	473
926	525
926	577
926	473
525	577
525	473
577	473
217	1118
812	506
812	107
812	780
812	338
812	389
812	261
506	107
506	780
506	338
506	389
506	261
107	780
107	338
107	389
107	261
938	523
938	1007
938	776
938	807
938	476
249	578
249	156
578	156
780	338
780	389
780	261
338	389
338	261
389	261
523	1007
523	776
523	807
523	476
1007	776
1007	807
1007	476
776	807
776	476
807	476
414	675
675	658
675	173
675	1074
840	424
840	639
840	50
840	863
840	363
840	568
840	5
840	997
840	983
840	711
418	852
418	98
418	173
418	867
418	761
418	425
418	409
418	219
418	343
418	903
418	510
418	1158
418	661
418	1132
418	429
418	1087
418	1087
418	1219
418	1127
418	564
418	712
418	657
418	645
418	1065
418	509
418	844
418	739
418	1024
418	434
418	692
418	692
418	1236
418	889
418	189
418	486
418	205
418	1097
418	915
418	137
418	800
418	1164
418	396
418	956
418	606
418	290
980	579
980	1042
980	635
980	894
980	1000
980	843
980	953
980	676
579	1042
579	635
579	894
579	1000
579	843
579	953
579	676
579	291
579	173
579	894
1042	635
1042	894
1042	1000
1042	843
1042	953
1042	676
1042	291
1042	173
1042	894
635	894
635	1000
635	843
635	953
635	676
635	291
635	173
635	894
894	1000
894	843
894	953
894	676
894	291
894	173
1000	843
1000	953
1000	676
843	953
843	676
843	291
843	173
843	894
953	676
953	291
953	173
953	894
98	173
98	187
98	74
98	984
98	17
98	761
98	425
98	409
98	219
98	343
98	903
98	510
98	1158
98	661
98	1132
98	429
98	1087
98	1087
98	70
98	171
98	1219
98	1117
98	974
98	698
98	1096
98	654
98	172
98	1044
98	532
98	199
98	1225
98	1019
98	182
98	129
98	697
98	835
98	213
98	760
98	1066
98	1145
98	729
98	324
98	945
98	213
98	788
98	924
98	637
98	1105
98	720
98	918
98	660
98	890
98	158
98	942
98	1088
98	1214
98	176
98	640
98	617
98	495
98	198
98	628
98	925
98	775
98	1093
98	819
98	563
98	779
98	394
98	461
98	362
98	677
98	166
98	866
98	32
98	480
98	122
98	296
98	741
351	571
351	9
351	831
351	662
351	643
173	291
173	187
173	74
173	984
173	17
173	1074
173	988
173	1117
173	1127
173	565
173	348
173	681
572	16
572	431
572	542
572	1140
16	431
16	542
16	1140
74	187
74	984
74	17
984	187
984	17
17	187
17	715
17	684
17	12
17	1103
17	769
17	789
17	1174
867	650
867	398
867	679
867	207
867	303
867	304
867	161
867	1199
867	1163
867	1219
867	564
867	712
867	657
867	645
867	1065
867	509
867	844
867	739
867	1024
867	434
867	692
867	692
867	1236
867	889
867	189
867	486
867	205
867	1097
867	915
867	137
867	800
867	1164
867	396
867	956
867	606
867	290
685	1189
685	1200
685	19
685	466
685	590
1189	1200
1189	19
1189	466
1189	590
1200	19
1200	466
1200	590
19	466
19	590
466	590
1010	552
1010	885
1010	39
1010	333
1010	202
1010	484
1010	1233
1010	83
1010	448
1010	908
1010	86
1010	881
1010	702
1010	1045
1010	15
1010	893
552	885
552	39
552	333
552	202
552	484
552	1233
552	83
552	448
552	908
552	86
885	39
885	333
885	202
885	484
39	333
39	202
39	484
39	1233
39	83
39	448
39	908
39	86
333	202
333	484
202	484
202	1233
202	83
202	448
202	908
202	86
484	1233
484	83
484	448
484	908
484	86
542	1140
1026	370
1026	1223
1026	715
1026	43
1026	105
1026	736
1026	393
1026	726
1026	735
1026	937
370	715
370	43
370	105
370	736
370	393
370	726
370	735
370	937
761	425
761	409
761	219
761	343
761	903
761	510
761	1158
761	661
761	1132
761	429
761	1087
761	1087
425	409
425	219
425	343
425	903
425	510
425	1158
425	661
425	1132
425	429
425	1087
425	1087
409	219
409	343
409	903
409	510
409	1158
409	661
409	1132
409	429
409	1087
409	1087
219	343
219	903
219	510
219	1158
219	661
219	1132
219	429
219	1087
219	1087
343	903
343	510
343	1158
343	661
343	1132
343	429
343	1087
343	1087
903	510
903	1158
903	661
903	1132
903	429
903	1087
903	1087
510	1158
510	661
510	1132
510	429
510	1087
510	1087
1158	661
1158	1132
1158	429
1158	1087
1158	1087
661	1132
661	429
661	1087
661	1087
1132	429
1132	1087
1132	1087
429	1087
429	1087
1087	1087
1219	431
1219	1074
1219	250
1219	834
1219	70
1219	30
1219	55
1219	1117
1219	237
1219	287
1219	1230
1219	546
1219	905
1219	169
1219	235
1219	113
1219	381
1219	1068
1219	974
1219	698
1219	999
1219	1035
1219	268
1219	576
1219	91
1219	963
1219	1224
1219	96
1219	1169
1219	878
1219	172
1219	678
1219	344
1219	232
1219	564
1219	712
1219	657
1219	645
1219	1065
1219	509
1219	844
1219	739
1219	1024
1219	434
1219	692
1219	692
1219	1236
1219	889
1219	189
1219	486
1219	205
1219	1097
1219	915
1219	137
1219	800
1219	1164
1219	396
1219	956
1219	606
1219	290
1219	1220
1219	385
1219	92
1219	1229
1219	1187
1219	632
1219	1210
1219	1237
1219	411
1219	331
1219	339
1219	422
1219	323
1219	413
1219	972
1219	485
1219	1061
1219	27
1219	841
1219	1027
1219	406
1219	616
1219	367
1219	191
1219	595
1219	846
1219	164
1219	1039
1219	380
1219	342
1219	108
1219	667
1219	1063
1219	40
1219	740
1219	134
1219	921
1219	56
1219	1192
1219	152
1219	519
1219	540
1219	435
1219	721
1219	423
1219	696
1219	1152
1219	1043
1219	64
1219	731
1219	728
1219	1092
1219	904
1219	482
1219	1069
1219	862
1219	233
1219	977
1219	1202
1219	1176
1219	58
1219	623
1219	596
1219	892
1219	128
1219	465
1219	1126
1219	1157
1219	1181
1219	355
1219	1137
1219	1171
1219	282
1219	539
1219	352
1219	319
1219	669
1219	455
1219	1116
1219	387
1219	1029
1219	949
1219	140
1219	472
1219	362
1219	677
1219	166
1219	866
1219	32
1219	480
1219	122
1219	296
1219	741
80	587
80	31
80	183
80	995
80	496
80	625
80	349
80	263
80	81
80	309
80	649
80	1051
80	734
80	1177
80	67
80	243
80	488
80	270
80	254
80	288
80	272
587	31
587	183
587	995
587	496
587	625
587	349
587	263
587	81
587	309
587	649
587	1051
587	734
587	1177
587	67
587	243
587	488
587	270
587	254
587	288
587	272
31	183
31	995
31	496
31	625
31	349
31	263
31	81
31	309
31	649
31	1051
31	734
31	1177
31	67
31	243
31	488
31	270
31	254
31	288
31	272
183	995
183	496
183	625
183	349
183	263
183	81
183	309
183	649
183	1051
183	734
183	1177
183	67
183	243
183	488
183	270
183	254
183	288
183	272
183	368
183	917
183	556
183	454
995	496
995	625
995	349
995	263
995	81
995	309
995	649
995	1051
995	734
995	1177
995	67
995	243
995	488
995	270
995	254
995	288
995	272
995	368
995	917
995	556
995	454
496	625
496	349
496	263
496	81
496	309
496	649
496	1051
496	734
496	1177
496	67
496	243
496	488
496	270
496	254
496	288
496	272
625	349
625	263
625	81
625	309
625	649
625	1051
625	734
625	1177
625	67
625	243
625	488
625	270
625	254
625	288
625	272
625	368
625	917
625	556
625	454
349	263
349	81
349	309
349	649
349	1051
349	734
349	1177
349	67
349	243
349	488
349	270
349	254
349	288
349	272
263	81
263	309
263	649
263	1051
263	734
263	1177
263	67
263	243
263	488
263	270
263	254
263	288
263	272
81	309
81	649
81	1051
81	734
81	1177
81	67
81	243
81	488
81	270
81	254
81	288
81	272
309	649
309	1051
309	734
309	1177
309	67
309	243
309	488
309	270
309	254
309	288
309	272
309	368
309	917
309	556
309	454
649	1051
649	734
649	1177
649	67
649	243
649	488
649	270
649	254
649	288
649	272
1051	734
1051	1177
1051	67
1051	243
1051	488
1051	270
1051	254
1051	288
1051	272
734	1177
734	67
734	243
734	488
734	270
734	254
734	288
734	272
734	368
734	917
734	556
734	454
1177	67
1177	243
1177	488
1177	270
1177	254
1177	288
1177	272
1177	368
1177	917
1177	556
1177	454
67	243
67	488
67	270
67	254
67	288
67	272
243	488
243	270
243	254
243	288
243	272
488	270
488	254
488	288
488	272
270	254
270	288
270	272
270	368
270	917
270	556
270	454
254	288
254	272
254	368
254	917
254	556
254	454
288	272
1122	1185
1122	1067
1122	549
1122	1023
1122	659
10	891
10	1075
10	378
10	944
10	145
10	357
10	1015
891	1075
891	378
891	944
891	145
891	357
891	1015
1075	378
1075	944
1075	145
1075	357
1075	1015
378	944
378	145
378	357
378	1015
944	145
944	357
944	1015
145	357
145	1015
357	1015
491	33
491	914
491	700
491	786
491	302
491	2
491	871
33	914
33	700
33	786
33	302
33	2
33	871
914	700
914	786
914	302
914	2
914	871
700	786
700	302
700	2
700	871
786	302
786	2
786	871
302	2
302	871
2	871
715	431
715	684
715	12
715	1103
715	769
715	789
715	1174
715	43
715	105
715	736
715	393
715	726
715	735
715	937
1107	433
1107	212
1107	756
1107	586
1107	870
1107	543
1107	174
1107	585
1107	706
1107	49
1107	1226
1107	687
1107	608
212	433
212	756
212	586
212	870
212	543
212	174
212	585
212	706
212	49
212	1226
212	687
212	608
585	433
585	756
585	586
585	870
585	543
585	174
585	706
585	49
585	1226
585	687
585	608
293	882
293	293
678	344
678	134
344	47
344	117
344	500
344	550
344	134
344	365
344	489
344	71
344	68
344	234
882	62
882	975
882	1153
882	589
882	193
882	1129
882	391
882	1203
882	293
564	712
564	657
564	645
564	1065
564	509
564	844
564	739
564	1024
564	434
564	692
564	692
564	1236
564	889
564	189
564	486
564	205
564	1097
564	915
564	137
564	800
564	1164
564	396
564	956
564	606
564	290
712	657
712	645
712	1065
712	509
712	844
712	739
712	1024
712	434
712	692
712	692
712	1236
712	889
712	189
712	486
712	205
712	1097
712	915
712	137
712	800
712	1164
712	396
712	956
712	606
712	290
657	645
657	1065
657	509
657	844
657	739
657	1024
657	434
657	692
657	692
657	1236
657	889
657	189
657	486
657	205
657	1097
657	915
657	137
657	800
657	1164
657	396
657	956
657	606
657	290
645	1065
645	509
645	844
645	739
645	1024
645	434
645	692
645	692
645	1236
645	889
645	189
645	486
645	205
645	1097
645	915
645	137
645	800
645	1164
645	396
645	956
645	606
645	290
1065	509
1065	844
1065	739
1065	1024
1065	434
1065	692
1065	692
1065	1236
1065	889
1065	189
1065	486
1065	205
1065	1097
1065	915
1065	137
1065	800
1065	1164
1065	396
1065	956
1065	606
1065	290
509	844
509	739
509	1024
509	434
509	692
509	692
509	1236
509	889
509	189
509	486
509	205
509	1097
509	915
509	137
509	800
509	1164
509	396
509	956
509	606
509	290
844	739
844	1024
844	434
844	692
844	692
844	1236
844	889
844	189
844	486
844	205
844	1097
844	915
844	137
844	800
844	1164
844	396
844	956
844	606
844	290
739	1024
739	434
739	692
739	692
739	1236
739	889
739	189
739	486
739	205
739	1097
739	915
739	137
739	800
739	1164
739	396
739	956
739	606
739	290
1024	434
1024	692
1024	692
1024	1236
1024	889
1024	189
1024	486
1024	205
1024	1097
1024	915
1024	137
1024	800
1024	1164
1024	396
1024	956
1024	606
1024	290
434	692
434	692
434	1236
434	889
434	189
434	486
434	205
434	1097
434	915
434	137
434	800
434	1164
434	396
434	956
434	606
434	290
692	692
692	1236
692	889
692	189
692	486
692	205
692	1097
692	915
692	137
692	800
692	1164
692	396
692	956
692	606
692	290
692	1236
692	889
692	189
692	486
692	205
692	1097
692	915
692	137
692	800
692	1164
692	396
692	956
692	606
692	290
1236	889
1236	189
1236	486
1236	205
1236	1097
1236	915
1236	137
1236	800
1236	1164
1236	396
1236	956
1236	606
1236	290
889	189
889	486
889	205
889	1097
889	915
889	137
889	800
889	1164
889	396
889	956
889	606
889	290
189	486
189	205
189	1097
189	915
189	137
189	800
189	1164
189	396
189	956
189	606
189	290
486	205
486	1097
486	915
486	137
486	800
486	1164
486	396
486	956
486	606
486	290
205	1097
205	915
205	137
205	800
205	1164
205	396
205	956
205	606
205	290
1097	915
1097	137
1097	800
1097	1164
1097	396
1097	956
1097	606
1097	290
915	137
915	800
915	1164
915	396
915	956
915	606
915	290
137	800
137	1164
137	396
137	956
137	606
137	290
800	1164
800	396
800	956
800	606
800	290
1164	396
1164	956
1164	606
1164	290
396	956
396	606
396	290
956	1074
956	250
956	606
956	290
956	1056
956	771
956	742
956	722
956	88
956	178
956	450
956	493
956	1205
956	462
956	0
956	477
956	883
956	416
956	446
956	783
956	1052
956	372
956	861
956	478
956	317
956	648
956	346
956	1057
956	560
956	1191
956	73
956	814
956	1072
956	269
956	923
956	897
956	1228
956	240
956	341
956	504
956	868
956	159
956	1003
956	655
956	437
956	758
956	948
956	828
956	704
956	322
956	611
956	56
956	1192
956	152
956	519
956	540
956	435
956	721
956	423
956	696
956	1152
956	1043
956	64
956	731
956	728
956	1092
956	904
956	482
956	1069
956	862
956	233
956	977
956	1202
956	1176
956	58
956	623
956	596
956	892
956	128
956	465
956	1126
956	1157
956	1181
956	355
956	1137
956	1171
956	282
956	539
956	352
956	319
956	669
956	455
956	1116
956	387
956	1029
956	949
956	140
956	472
606	290
1076	1113
1076	150
1076	562
1066	896
1066	653
1066	1211
1066	947
1066	609
1066	646
1066	311
1066	912
1066	875
1066	920
1066	969
1066	110
1066	93
1066	942
1066	1088
1066	1214
1066	176
1066	640
1066	617
1066	495
1066	198
1066	628
1066	925
1066	775
1066	1093
1066	819
1066	563
1066	779
1066	394
1066	461
1056	771
1056	742
1056	722
1056	88
1056	178
1056	450
1056	493
1056	1205
1056	462
1056	0
1056	477
1056	883
1056	416
1056	446
1056	783
771	742
771	722
771	88
771	178
771	450
771	493
771	1205
771	462
771	0
771	477
771	883
771	416
771	446
771	783
742	722
742	88
742	178
742	450
742	493
742	1205
742	462
742	0
742	477
742	883
742	416
742	446
742	783
722	88
722	178
722	450
722	493
722	1205
722	462
722	0
722	477
722	883
722	416
722	446
722	783
88	178
88	450
88	493
88	1205
88	462
88	0
88	477
88	883
88	416
88	446
88	783
178	450
178	493
178	1205
178	462
178	0
178	477
178	883
178	416
178	446
178	783
450	493
450	1205
450	462
450	0
450	477
450	883
450	416
450	446
450	783
493	1205
493	462
493	0
493	477
493	883
493	416
493	446
493	783
1205	462
1205	0
1205	477
1205	883
1205	416
1205	446
1205	783
462	0
462	477
462	883
462	416
462	446
462	783
0	477
0	883
0	416
0	446
0	783
477	883
477	416
477	446
477	783
883	416
883	446
883	783
416	446
416	783
446	783
134	47
134	117
134	500
134	550
134	365
134	489
134	71
134	68
134	234
942	1088
942	1214
942	176
942	640
942	617
942	495
942	198
942	628
942	925
942	775
942	1093
942	819
942	563
942	779
942	394
942	461
1088	1214
1088	176
1088	640
1088	617
1088	495
1088	198
1088	628
1088	925
1088	775
1088	1093
1088	819
1088	563
1088	779
1088	394
1088	461
1214	176
1214	640
1214	617
1214	495
1214	198
1214	628
1214	925
1214	775
1214	1093
1214	819
1214	563
1214	779
1214	394
1214	461
176	640
176	617
176	495
176	198
176	628
176	925
176	775
176	1093
176	819
176	563
176	779
176	394
176	461
640	617
640	495
640	198
640	628
640	925
640	775
640	1093
640	819
640	563
640	779
640	394
640	461
617	495
617	198
617	628
617	925
617	775
617	1093
617	819
617	563
617	779
617	394
617	461
495	198
495	628
495	925
495	775
495	1093
495	819
495	563
495	779
495	394
495	461
198	628
198	925
198	775
198	1093
198	819
198	563
198	779
198	394
198	461
628	925
628	775
628	1093
628	819
628	563
628	779
628	394
628	461
925	775
925	1093
925	819
925	563
925	779
925	394
925	461
775	1093
775	819
775	563
775	779
775	394
775	461
1093	819
1093	563
1093	779
1093	394
1093	461
819	563
819	779
819	394
819	461
563	779
563	394
563	461
779	394
779	461
394	461
608	433
608	586
608	174
608	49
608	1226
608	687
1233	83
1233	448
1233	908
1233	86
83	448
83	908
83	86
448	908
448	86
908	86
222	848
222	522
222	717
222	558
222	318
222	13
222	1121
222	781
222	787
222	931
222	1054
848	522
848	717
848	558
848	318
848	13
848	1121
848	781
848	787
848	931
848	1054
522	717
522	558
522	318
522	13
522	1121
522	781
522	787
522	931
522	1054
522	75
522	818
522	622
522	356
522	116
522	1089
522	965
717	558
717	318
717	13
717	1121
717	781
717	787
717	931
717	1054
717	934
717	816
717	730
717	1036
717	737
717	228
717	188
558	318
558	13
558	1121
558	781
558	787
558	931
558	1054
558	934
558	816
558	730
558	1036
558	737
558	228
558	188
318	13
318	1121
318	781
318	787
318	931
318	1054
318	934
318	816
318	730
318	1036
318	737
318	228
318	188
13	1121
13	781
13	787
13	931
13	1054
13	934
13	816
13	730
13	1036
13	737
13	228
13	188
1121	781
1121	787
1121	931
1121	1054
781	787
781	931
781	1054
781	934
781	816
781	730
781	1036
781	737
781	228
781	188
787	931
787	1054
931	1054
934	816
934	730
934	1036
934	737
934	228
934	188
816	730
816	1036
816	737
816	228
816	188
730	1036
730	737
730	228
730	188
1036	737
1036	228
1036	188
737	228
737	188
228	188
43	105
43	736
43	393
43	726
43	735
43	937
105	736
105	393
105	726
105	735
105	937
105	155
105	1062
105	817
105	967
736	393
736	726
736	735
736	937
393	726
393	735
393	937
726	735
726	937
735	937
571	9
571	831
571	662
571	643
9	831
9	662
9	643
831	662
831	643
662	643
1114	707
1114	84
1114	501
1114	755
1114	1034
1114	544
1114	1109
1114	594
1114	325
1114	877
1114	442
1114	227
1114	594
1114	1004
1114	1073
1114	725
1114	1201
1114	790
1114	253
1114	701
1114	823
707	84
707	501
707	755
707	1034
707	544
707	1109
707	594
707	325
707	877
707	442
707	227
707	594
707	1004
707	1073
707	725
707	1201
707	790
707	253
707	701
707	823
84	501
84	755
84	1034
84	544
84	1109
84	594
84	325
84	877
84	442
84	227
84	594
84	1004
84	1073
84	725
84	1201
84	790
84	253
84	701
84	823
501	755
501	1034
501	544
501	1109
501	594
501	325
501	877
501	442
501	227
501	594
501	1004
501	1073
501	725
501	1201
501	790
501	253
501	701
501	823
755	1034
755	544
755	1109
755	594
755	325
755	877
755	442
755	227
755	594
755	1004
755	1073
755	725
755	1201
755	790
755	253
755	701
755	823
1034	544
1034	1109
1034	594
1034	325
1034	877
1034	442
1034	227
1034	594
1034	1004
1034	1073
1034	725
1034	1201
1034	790
1034	253
1034	701
1034	823
544	1109
544	594
544	325
544	877
544	442
544	227
544	594
544	1004
544	1073
544	725
544	1201
544	790
544	253
544	701
544	823
1109	594
1109	325
1109	877
1109	442
1109	227
1109	594
1109	1004
1109	1073
1109	725
1109	1201
1109	790
1109	253
1109	701
1109	823
594	325
594	877
594	442
594	227
594	594
594	1004
594	1073
594	725
594	1201
594	790
594	253
594	701
594	823
325	877
325	442
325	227
325	594
325	1004
325	1073
325	725
325	1201
325	790
325	253
325	701
325	823
877	442
877	227
877	594
877	1004
877	1073
877	725
877	1201
877	790
877	253
877	701
877	823
442	227
442	594
442	1004
442	1073
442	725
442	1201
442	790
442	253
442	701
442	823
227	594
227	1004
227	1073
227	725
227	1201
227	790
227	253
227	701
227	823
594	1004
594	1073
594	725
594	1201
594	790
594	253
594	701
594	823
1004	1073
1004	725
1004	1201
1004	790
1004	253
1004	701
1004	823
1073	725
1073	1201
1073	790
1073	253
1073	701
1073	823
725	1201
725	790
725	253
725	701
725	823
1201	790
1201	253
1201	701
1201	823
790	253
790	701
790	823
253	701
253	823
701	823
368	917
368	556
368	454
917	556
917	454
556	454
431	1217
431	834
431	232
431	1220
431	385
431	92
431	1229
431	1187
431	632
431	1210
431	1237
431	411
431	331
431	339
431	422
431	323
431	413
431	972
431	485
431	1061
431	27
431	841
431	1027
431	406
431	616
431	367
431	191
431	595
431	846
431	164
658	22
1074	719
1074	514
1074	470
1074	515
1074	688
1074	447
1074	250
1074	1082
1074	738
1074	443
1074	168
1074	964
1074	314
1074	1091
1074	408
1074	785
1074	444
1074	95
1074	1101
1074	192
1074	335
1074	514
1074	1053
1074	930
1074	922
1074	1104
1074	430
1074	574
1074	300
1074	634
1074	534
1074	1005
1074	1161
1074	216
1074	1012
1074	962
1074	850
1074	60
1074	436
1074	907
1074	1212
1074	56
1074	1192
1074	152
1074	519
1074	540
1074	435
1074	721
1074	423
1074	696
1074	1152
1074	1043
1074	64
1074	731
1074	728
1074	1092
1074	904
1074	482
1074	1069
1074	862
1074	233
1074	977
1074	1202
1074	1176
1074	58
1074	623
1074	596
1074	892
1074	128
1074	465
1074	1126
1074	1157
1074	1181
1074	355
1074	1137
1074	1171
1074	282
1074	539
1074	352
1074	319
1074	669
1074	455
1074	1116
1074	387
1074	1029
1074	949
1074	140
1074	472
849	175
849	97
849	968
849	909
849	257
849	1204
175	97
175	968
175	909
175	257
175	1204
97	968
97	909
97	257
97	1204
968	909
968	257
968	1204
909	257
909	1204
257	1204
804	605
265	580
265	1028
265	759
265	710
265	1123
265	1025
265	1178
265	177
265	1197
265	225
265	146
265	806
580	1028
580	759
580	710
580	1123
580	1025
580	1178
580	177
580	1197
580	225
580	146
580	806
1028	759
1028	710
1028	1123
1028	1025
1028	1178
1028	177
1028	1197
1028	225
1028	146
1028	806
759	710
759	1123
759	1025
759	1178
759	177
759	1197
759	225
759	146
759	806
710	1123
710	1025
710	1178
710	177
710	1197
710	225
710	146
710	806
1123	1025
1123	1178
1123	177
1123	1197
1123	225
1123	146
1123	806
1025	1178
1025	177
1025	1197
1025	225
1025	146
1025	806
1178	177
1178	1197
1178	225
1178	146
1178	806
177	1197
177	225
177	146
177	806
1197	225
1197	146
1197	806
225	146
225	806
146	806
424	639
424	50
424	863
424	363
424	568
424	5
424	997
424	983
424	711
639	50
639	863
639	363
639	568
639	5
639	997
639	983
639	711
50	863
50	363
50	568
50	5
50	997
50	983
50	711
863	363
863	568
863	5
863	997
863	983
863	711
363	568
363	5
363	997
363	983
363	711
568	5
568	997
568	983
568	711
5	997
5	983
5	711
997	983
997	711
983	711
1198	1031
22	1086
22	582
22	541
22	1079
22	860
22	610
22	529
693	827
399	220
399	777
399	792
399	604
399	463
517	70
517	1209
517	1068
517	974
517	698
517	426
517	999
517	599
517	427
517	350
517	99
517	1035
517	469
517	1096
517	483
517	305
517	390
517	1195
517	654
517	642
517	982
517	671
517	286
70	171
70	30
70	55
70	1209
70	381
70	1068
70	974
70	698
70	426
70	999
70	599
70	427
70	350
70	99
70	1035
70	469
70	1096
70	483
70	305
70	390
70	1195
70	654
70	642
70	982
70	671
70	286
70	268
70	576
70	91
70	963
70	1224
70	96
70	1169
70	878
70	172
70	1145
70	729
70	324
30	171
30	55
30	381
30	1068
30	974
30	698
30	999
30	1035
30	268
30	576
30	91
30	963
30	1224
30	96
30	1169
30	878
30	172
55	171
55	381
55	1068
55	974
55	698
55	999
55	1035
55	268
55	576
55	91
55	963
55	1224
55	96
55	1169
55	878
55	172
1078	359
1078	1148
1078	830
1078	853
1078	336
1078	57
1078	138
359	1148
359	830
359	853
359	336
359	57
359	138
1148	830
1148	853
1148	336
1148	57
1148	138
830	853
830	336
830	57
830	138
830	112
830	538
830	327
830	1001
830	1047
830	647
853	336
853	57
853	138
336	57
336	138
57	138
57	607
57	1166
57	1060
57	803
57	1222
57	1144
57	26
57	1038
57	513
57	400
57	373
57	959
57	690
57	960
57	186
57	221
57	315
57	613
57	449
57	1206
57	832
57	1213
57	762
57	910
57	694
138	112
138	538
138	327
138	1001
138	1047
138	647
335	209
335	242
335	157
335	822
335	1084
335	143
335	100
335	77
335	23
335	471
335	306
335	1032
335	415
573	456
1209	673
1209	929
1209	1218
1209	928
1209	85
1209	1068
1209	974
1209	698
1209	426
1209	999
1209	599
1209	427
1209	350
1209	99
1209	1035
1209	469
1209	1096
1209	483
1209	305
1209	390
1209	1195
1209	654
1209	642
1209	982
1209	671
1209	286
381	1068
381	974
381	698
381	426
381	999
381	599
381	427
381	1035
381	268
381	576
381	91
381	963
381	1224
381	96
381	1169
381	878
381	172
1068	974
1068	698
1068	426
1068	999
1068	599
1068	427
1068	350
1068	99
1068	1035
1068	469
1068	1096
1068	483
1068	305
1068	390
1068	1195
1068	654
1068	642
1068	982
1068	671
1068	286
1068	268
1068	576
1068	91
1068	963
1068	1224
1068	96
1068	1169
1068	878
1068	172
974	171
974	698
974	426
974	999
974	599
974	427
974	350
974	99
974	1035
974	469
974	1096
974	483
974	305
974	390
974	1195
974	654
974	642
974	982
974	671
974	286
974	268
974	576
974	91
974	963
974	1224
974	96
974	1169
974	878
974	172
974	1145
974	729
974	324
698	171
698	426
698	999
698	599
698	427
698	350
698	99
698	1035
698	469
698	1096
698	483
698	305
698	390
698	1195
698	654
698	642
698	982
698	671
698	286
698	268
698	576
698	91
698	963
698	1224
698	96
698	1169
698	878
698	172
698	1145
698	729
698	324
426	999
426	599
426	427
426	350
426	99
426	1035
426	469
426	1096
426	483
426	305
426	390
426	1195
426	654
426	642
426	982
426	671
426	286
999	599
999	427
999	350
999	99
999	1035
999	469
999	1096
999	483
999	305
999	390
999	1195
999	654
999	642
999	982
999	671
999	286
999	268
999	576
999	91
999	963
999	1224
999	96
999	1169
999	878
999	172
599	427
599	350
599	99
599	1035
599	469
599	1096
599	483
599	305
599	390
599	1195
599	654
599	642
599	982
599	671
599	286
427	350
427	99
427	1035
427	469
427	1096
427	483
427	305
427	390
427	1195
427	654
427	642
427	982
427	671
427	286
350	99
350	1035
350	469
350	1096
350	483
350	305
350	390
350	1195
350	654
350	642
350	982
350	671
350	286
99	1035
99	469
99	1096
99	483
99	305
99	390
99	1195
99	654
99	642
99	982
99	671
99	286
1035	469
1035	1096
1035	483
1035	305
1035	390
1035	1195
1035	654
1035	642
1035	982
1035	671
1035	286
1035	268
1035	576
1035	91
1035	963
1035	1224
1035	96
1035	1169
1035	878
1035	172
469	1096
469	483
469	305
469	390
469	1195
469	654
469	642
469	982
469	671
469	286
1096	171
1096	483
1096	305
1096	390
1096	1195
1096	654
1096	642
1096	982
1096	671
1096	286
1096	172
1096	1145
1096	729
1096	324
483	305
483	390
483	1195
483	654
483	642
483	982
483	671
483	286
305	390
305	1195
305	654
305	642
305	982
305	671
305	286
390	1195
390	654
390	642
390	982
390	671
390	286
1195	654
1195	642
1195	982
1195	671
1195	286
654	171
654	642
654	982
654	671
654	286
654	172
654	1145
654	729
654	324
642	982
642	671
642	286
982	671
982	286
671	286
607	1166
607	1060
607	803
607	1222
607	1144
607	26
607	1038
607	513
607	400
607	373
607	959
607	690
607	960
607	186
607	221
607	315
607	613
607	449
607	1206
607	832
607	1213
607	762
607	910
607	694
268	576
268	91
268	963
268	1224
268	96
268	1169
268	878
268	172
576	91
576	963
576	1224
576	96
576	1169
576	878
576	172
91	963
91	1224
91	96
91	1169
91	878
91	172
963	1224
963	96
963	1169
963	878
963	172
963	337
963	603
963	104
963	1064
963	259
963	194
963	566
963	1232
963	793
963	512
963	130
963	624
963	87
963	1184
963	487
963	279
963	911
963	581
963	109
963	1182
963	987
963	1110
963	770
963	992
963	820
963	1013
963	663
1224	96
1224	1169
1224	878
1224	172
96	1169
96	878
96	172
1169	878
1169	172
878	172
172	171
172	1145
172	729
172	324
1044	532
1044	199
1044	1225
1044	1019
1044	182
1044	129
1044	697
1044	835
1044	213
1044	945
1044	213
1044	788
1044	924
1044	763
1044	392
1044	20
1044	273
1044	170
1044	438
532	199
532	1225
532	1019
532	182
532	129
532	697
532	835
532	213
532	945
532	213
532	788
532	924
532	763
532	392
532	20
532	273
532	170
532	438
973	933
973	53
973	1080
973	1130
973	950
973	481
973	479
973	229
933	53
933	1080
933	1130
933	950
933	481
933	479
933	229
53	1080
53	1130
53	950
53	481
53	479
53	229
1080	1130
1080	950
1080	481
1080	479
1080	229
1130	950
1130	481
1130	479
1130	229
950	481
950	479
950	229
481	479
481	229
479	229
144	691
144	760
144	403
144	575
144	682
144	991
144	751
691	760
691	403
691	575
691	682
691	991
691	751
760	403
760	575
760	682
760	991
760	751
760	637
760	1105
760	720
760	918
760	660
760	890
760	158
403	575
403	682
403	991
403	751
575	682
575	991
575	751
682	991
682	751
991	751
684	979
684	12
684	1103
684	797
684	769
684	789
684	1174
979	12
979	1103
979	797
12	1103
12	797
12	769
12	789
12	1174
1103	797
1103	769
1103	789
1103	1174
769	789
769	1174
789	1174
615	873
615	825
615	865
615	765
615	768
615	90
873	825
873	865
873	765
873	768
873	90
825	865
825	765
825	768
825	90
865	765
865	768
865	90
765	768
765	90
768	90
924	199
924	1225
924	1019
924	182
924	835
924	945
924	213
924	788
924	763
924	392
924	20
924	273
924	170
924	438
674	441
674	1160
674	1156
674	902
674	798
674	503
674	1053
674	329
441	1160
441	1156
441	902
441	798
441	503
441	1053
441	329
1160	1156
1160	902
1160	798
1160	503
1160	1053
1160	329
1156	902
1156	798
1156	503
1156	1053
1156	329
902	798
902	503
902	1053
902	329
798	503
798	1053
798	329
503	1053
503	329
1053	136
1053	329
1053	153
1053	794
1053	284
1053	1
1053	1017
1053	845
1053	946
1053	981
1053	1193
1053	1150
1053	490
1053	332
1053	401
1053	713
1053	1138
1053	214
1053	151
1053	1167
1053	271
1053	1081
1053	69
1053	1095
1053	1143
1053	1180
1053	497
584	226
584	998
584	708
584	1183
584	121
584	54
226	998
226	708
226	1183
226	121
226	54
998	708
998	1183
998	121
998	54
1142	799
1142	636
1142	274
1142	666
1142	119
799	636
799	274
799	666
799	119
636	274
636	666
636	119
274	666
274	119
666	119
708	1183
708	121
708	54
1183	121
1183	54
121	54
763	392
763	20
763	273
763	170
763	438
392	20
392	273
392	170
392	438
20	273
20	170
20	438
273	170
273	438
170	438
1086	582
1086	541
1086	1079
1086	860
1086	610
1086	529
582	541
582	1079
582	860
582	610
582	529
541	1079
541	860
541	610
541	529
1079	860
1079	610
1079	529
860	610
860	529
610	529
1113	150
1113	562
150	562
155	1062
155	817
155	967
1062	817
1062	967
817	967
1048	514
514	719
514	470
514	515
514	688
514	447
514	250
514	1082
514	738
514	443
514	168
514	964
514	314
514	1091
514	408
514	785
514	444
514	95
514	1101
514	192
311	896
311	653
311	1211
311	947
311	609
311	646
311	912
311	875
311	920
311	969
311	110
311	93
220	777
220	792
220	604
220	463
777	792
777	604
777	463
792	604
792	463
604	463
433	756
433	586
433	870
433	543
433	174
433	706
433	49
433	1226
433	687
586	756
586	870
586	543
586	174
586	706
586	49
586	1226
586	687
174	756
174	870
174	543
174	706
174	49
174	1226
174	687
49	1226
49	687
1226	687
171	1145
171	729
171	324
1117	267
1117	813
1117	457
1117	313
1117	218
1117	181
1117	524
1117	695
1117	362
1117	677
1117	166
1117	866
1117	32
1117	480
1117	122
1117	296
1117	741
1117	709
1117	548
1117	439
1117	705
1117	308
1117	856
1117	1159
1117	935
1117	1231
1117	547
199	1225
199	1019
199	182
199	129
199	697
199	835
199	213
199	945
199	213
199	788
1225	1019
1225	182
1225	129
1225	697
1225	835
1225	213
1225	945
1225	213
1225	788
1019	182
1019	129
1019	697
1019	835
1019	213
1019	945
1019	213
1019	788
182	129
182	697
182	835
182	213
182	945
182	213
182	788
129	697
129	835
129	213
697	835
697	213
835	213
835	945
835	213
835	788
1145	729
1145	324
729	324
945	213
945	788
213	788
637	1105
637	720
637	918
637	660
637	890
637	158
1105	720
1105	918
1105	660
1105	890
1105	158
720	918
720	660
720	890
720	158
918	660
918	890
918	158
660	890
660	158
890	158
362	677
362	166
362	866
362	32
362	480
362	122
362	296
362	741
677	166
677	866
677	32
677	480
677	122
677	296
677	741
166	866
166	32
166	480
166	122
166	296
166	741
866	32
866	480
866	122
866	296
866	741
32	480
32	122
32	296
32	741
480	122
480	296
480	741
122	296
122	741
296	741
961	754
961	901
754	901
988	681
1223	855
1223	89
1223	943
1223	746
1223	3
1223	379
1223	554
65	1037
65	37
65	872
65	78
65	1098
65	1146
65	135
65	203
65	526
65	732
65	557
1037	37
1037	872
1037	78
1037	1098
1037	1146
1037	135
1037	203
1037	526
1037	732
1037	557
37	872
37	78
37	1098
37	1146
37	135
37	203
37	526
37	732
37	557
872	78
872	1098
872	1146
872	135
872	203
872	526
872	732
872	557
78	1098
78	1146
78	135
78	203
78	526
78	732
78	557
1098	1146
1098	135
1098	203
1098	526
1098	732
1098	557
1146	135
1146	203
1146	526
1146	732
1146	557
135	203
135	526
135	732
135	557
203	526
203	732
203	557
526	732
526	557
732	557
672	208
514	718
514	347
514	1049
514	316
514	898
514	951
514	757
514	588
514	668
514	453
514	913
514	930
514	922
514	1104
514	430
514	574
514	300
514	634
514	534
514	1005
514	1161
514	216
514	1012
514	962
514	850
514	60
514	436
514	907
514	1212
718	347
718	1049
718	316
718	898
718	951
718	757
718	588
718	668
718	453
718	913
347	1049
347	316
347	898
347	951
347	757
347	588
347	668
347	453
347	913
1049	316
1049	898
1049	951
1049	757
1049	588
1049	668
1049	453
1049	913
316	898
316	951
316	757
316	588
316	668
316	453
316	913
898	951
898	757
898	588
898	668
898	453
898	913
951	757
951	588
951	668
951	453
951	913
757	588
757	668
757	453
757	913
588	668
588	453
588	913
668	453
668	913
453	913
453	404
453	160
453	626
453	699
453	900
453	179
453	371
453	1162
453	298
453	802
855	89
855	943
855	746
855	3
855	379
855	554
89	943
89	746
89	3
89	379
89	554
943	746
943	3
943	379
943	554
746	3
746	379
746	554
3	379
3	554
379	554
136	601
136	618
136	59
136	733
136	297
136	957
136	567
136	153
136	794
136	284
136	1
136	1017
136	845
136	946
136	981
136	1193
136	1150
136	490
136	332
136	401
136	713
136	1138
136	214
136	151
136	1167
136	271
136	1081
136	69
136	1095
136	1143
136	1180
136	497
601	618
601	59
601	733
601	297
601	957
601	567
618	59
618	733
618	297
618	957
618	567
59	733
59	297
59	957
59	567
733	297
733	957
733	567
297	957
297	567
957	567
567	252
567	810
567	185
567	1033
567	1234
567	196
567	1006
567	664
567	1077
567	857
567	815
567	990
567	752
567	266
567	52
567	475
567	839
567	232
567	864
567	723
567	842
567	545
567	1083
567	821
567	899
567	876
567	215
567	142
567	118
567	809
567	651
567	745
567	989
567	689
567	180
567	307
567	141
567	569
567	8
567	598
153	794
153	284
153	1
153	1017
153	845
153	946
153	981
153	1193
153	1150
153	490
153	332
153	401
153	713
153	1138
153	214
153	151
153	1167
153	271
153	1081
153	69
153	1095
153	1143
153	1180
153	497
794	284
794	1
794	1017
794	845
794	946
794	981
794	1193
794	1150
794	490
794	332
794	401
794	713
794	1138
794	214
794	151
794	1167
794	271
794	1081
794	69
794	1095
794	1143
794	1180
794	497
284	1
284	1017
284	845
284	946
284	981
284	1193
284	1150
284	490
284	332
284	401
284	713
284	1138
284	214
284	151
284	1167
284	271
284	1081
284	69
284	1095
284	1143
284	1180
284	497
1	1017
1	845
1	946
1	981
1	1193
1	1150
1	490
1	332
1	401
1	713
1	1138
1	214
1	151
1	1167
1	271
1	1081
1	69
1	1095
1	1143
1	1180
1	497
1017	845
1017	946
1017	981
1017	1193
1017	1150
1017	490
1017	332
1017	401
1017	713
1017	1138
1017	214
1017	151
1017	1167
1017	271
1017	1081
1017	69
1017	1095
1017	1143
1017	1180
1017	497
845	946
845	981
845	1193
845	1150
845	490
845	332
845	401
845	713
845	1138
845	214
845	151
845	1167
845	271
845	1081
845	69
845	1095
845	1143
845	1180
845	497
946	981
946	1193
946	1150
946	490
946	332
946	401
946	713
946	1138
946	214
946	151
946	1167
946	271
946	1081
946	69
946	1095
946	1143
946	1180
946	497
981	1193
981	1150
981	490
981	332
981	401
981	713
981	1138
981	214
981	151
981	1167
981	271
981	1081
981	69
981	1095
981	1143
981	1180
981	497
1193	1150
1193	490
1193	332
1193	401
1193	713
1193	1138
1193	214
1193	151
1193	1167
1193	271
1193	1081
1193	69
1193	1095
1193	1143
1193	1180
1193	497
1150	490
1150	332
1150	401
1150	713
1150	1138
1150	214
1150	151
1150	1167
1150	271
1150	1081
1150	69
1150	1095
1150	1143
1150	1180
1150	497
490	332
490	401
490	713
490	1138
490	214
490	151
490	1167
490	271
490	1081
490	69
490	1095
490	1143
490	1180
490	497
332	401
332	713
332	1138
332	214
332	151
332	1167
332	271
332	1081
332	69
332	1095
332	1143
332	1180
332	497
401	713
401	1138
401	214
401	151
401	1167
401	271
401	1081
401	69
401	1095
401	1143
401	1180
401	497
713	1138
713	214
713	151
713	1167
713	271
713	1081
713	69
713	1095
713	1143
713	1180
713	497
1138	214
1138	151
1138	1167
1138	271
1138	1081
1138	69
1138	1095
1138	1143
1138	1180
1138	497
214	151
214	1167
214	271
214	1081
214	69
214	1095
214	1143
214	1180
214	497
151	1167
151	271
151	1081
151	69
151	1095
151	1143
151	1180
151	497
1167	271
1167	1081
1167	69
1167	1095
1167	1143
1167	1180
1167	497
271	1081
271	69
271	1095
271	1143
271	1180
271	497
1081	69
1081	1095
1081	1143
1081	1180
1081	497
69	1095
69	1143
69	1180
69	497
1095	1143
1095	1180
1095	497
1143	1180
1143	497
1180	497
245	518
245	366
245	630
245	895
245	1128
245	1111
245	656
245	412
245	516
245	1008
245	1046
245	247
518	366
518	630
518	895
518	1128
518	1111
518	656
518	412
518	516
518	1008
518	1046
518	247
366	630
366	895
366	1128
366	1111
366	656
366	412
366	516
366	1008
366	1046
366	247
630	895
630	1128
630	1111
630	656
630	412
630	516
630	1008
630	1046
630	247
895	1128
895	1111
895	656
895	412
895	516
895	1008
895	1046
895	247
1128	1111
1128	656
1128	412
1128	516
1128	1008
1128	1046
1128	247
1111	656
1111	412
1111	516
1111	1008
1111	1046
1111	247
656	412
656	516
656	1008
656	1046
656	247
412	516
412	1008
412	1046
412	247
516	1008
516	1046
516	247
1008	1046
1008	247
1046	247
1134	1208
1134	880
1134	72
1134	276
1134	1147
1134	154
1134	764
1134	826
1134	773
1134	1125
1134	778
1134	1135
1134	499
1134	551
1134	888
1134	1030
1134	28
1134	197
1134	502
1134	680
1134	223
1134	767
1134	377
1134	295
1134	940
1134	44
1134	1011
1134	66
42	916
42	1108
42	24
42	115
42	354
42	244
42	124
916	1108
916	24
916	115
916	354
916	244
916	124
1108	24
1108	115
1108	354
1108	244
1108	124
24	115
24	354
24	244
24	124
115	354
115	244
115	124
354	244
354	124
244	124
264	724
264	120
264	1020
264	236
264	361
264	508
264	1085
264	592
264	103
264	326
264	82
264	1216
264	1149
264	528
264	46
120	724
120	1020
120	236
120	361
120	508
120	1085
120	592
120	103
120	326
120	82
120	1216
120	1149
120	528
120	46
1020	724
1020	236
1020	361
1020	508
1020	1085
1020	592
1020	103
1020	326
1020	82
1020	1216
1020	1149
1020	528
1020	46
919	419
919	231
919	494
919	652
919	458
919	358
919	932
919	583
919	405
919	248
919	748
919	743
919	94
419	231
419	494
419	652
419	458
419	358
419	932
419	583
419	405
419	248
419	748
419	743
419	94
326	82
326	1216
326	1149
326	528
326	46
82	1216
82	1149
82	528
82	46
1216	1149
1216	528
1216	46
1149	528
1149	46
528	46
502	680
502	223
502	767
502	377
502	295
502	940
502	44
502	1011
502	66
680	223
680	767
680	377
680	295
680	940
680	44
680	1011
680	66
223	767
223	377
223	295
223	940
223	44
223	1011
223	66
767	377
767	295
767	940
767	44
767	1011
767	66
377	295
377	940
377	44
377	1011
377	66
295	940
295	44
295	1011
295	66
940	44
940	1011
940	66
44	1011
44	66
1011	66
834	232
834	1220
834	385
834	92
834	1229
834	1187
834	632
834	1210
834	1237
834	411
834	331
834	339
834	422
834	323
834	413
834	972
834	485
834	1061
834	27
834	841
834	1027
834	406
834	616
834	367
834	191
834	595
834	846
834	164
232	252
232	810
232	185
232	1033
232	1234
232	196
232	1006
232	664
232	1077
232	857
232	815
232	990
232	752
232	266
232	52
232	475
232	839
232	864
232	723
232	842
232	545
232	1083
232	821
232	899
232	876
232	215
232	142
232	118
232	809
232	651
232	1220
232	385
232	92
232	1229
232	1187
232	632
232	1210
232	1237
232	411
232	331
232	339
232	422
232	323
232	413
232	972
232	485
232	1061
232	27
232	841
232	1027
232	406
232	616
232	367
232	191
232	595
232	846
232	164
1220	385
1220	92
1220	1229
1220	1187
1220	632
1220	1210
1220	1237
1220	411
1220	331
1220	339
1220	422
1220	323
1220	413
1220	972
1220	485
1220	1061
1220	27
1220	841
1220	1027
1220	406
1220	616
1220	367
1220	191
1220	595
1220	846
1220	164
385	92
385	1229
385	1187
385	632
385	1210
385	1237
385	411
385	331
385	339
385	422
385	323
385	413
385	972
385	485
385	1061
385	27
385	841
385	1027
385	406
385	616
385	367
385	191
385	595
385	846
385	164
92	1229
92	1187
92	632
92	1210
92	1237
92	411
92	331
92	339
92	422
92	323
92	413
92	972
92	485
92	1061
92	27
92	841
92	1027
92	406
92	616
92	367
92	191
92	595
92	846
92	164
1229	1187
1229	632
1229	1210
1229	1237
1229	411
1229	331
1229	339
1229	422
1229	323
1229	413
1229	972
1229	485
1229	1061
1229	27
1229	841
1229	1027
1229	406
1229	616
1229	367
1229	191
1229	595
1229	846
1229	164
1187	632
1187	1210
1187	1237
1187	411
1187	331
1187	339
1187	422
1187	323
1187	413
1187	972
1187	485
1187	1061
1187	27
1187	841
1187	1027
1187	406
1187	616
1187	367
1187	191
1187	595
1187	846
1187	164
632	1210
632	1237
632	411
632	331
632	339
632	422
632	323
632	413
632	972
632	485
632	1061
632	27
632	841
632	1027
632	406
632	616
632	367
632	191
632	595
632	846
632	164
1210	1237
1210	411
1210	331
1210	339
1210	422
1210	323
1210	413
1210	972
1210	485
1210	1061
1210	27
1210	841
1210	1027
1210	406
1210	616
1210	367
1210	191
1210	595
1210	846
1210	164
1237	411
1237	331
1237	339
1237	422
1237	323
1237	413
1237	972
1237	485
1237	1061
1237	27
1237	841
1237	1027
1237	406
1237	616
1237	367
1237	191
1237	595
1237	846
1237	164
411	331
411	339
411	422
411	323
411	413
411	972
411	485
411	1061
411	27
411	841
411	1027
411	406
411	616
411	367
411	191
411	595
411	846
411	164
331	339
331	422
331	323
331	413
331	972
331	485
331	1061
331	27
331	841
331	1027
331	406
331	616
331	367
331	191
331	595
331	846
331	164
339	422
339	323
339	413
339	972
339	485
339	1061
339	27
339	841
339	1027
339	406
339	616
339	367
339	191
339	595
339	846
339	164
422	323
422	413
422	972
422	485
422	1061
422	27
422	841
422	1027
422	406
422	616
422	367
422	191
422	595
422	846
422	164
323	413
323	972
323	485
323	1061
323	27
323	841
323	1027
323	406
323	616
323	367
323	191
323	595
323	846
323	164
413	972
413	485
413	1061
413	27
413	841
413	1027
413	406
413	616
413	367
413	191
413	595
413	846
413	164
972	485
972	1061
972	27
972	841
972	1027
972	406
972	616
972	367
972	191
972	595
972	846
972	164
485	1061
485	27
485	841
485	1027
485	406
485	616
485	367
485	191
485	595
485	846
485	164
1061	27
1061	841
1061	1027
1061	406
1061	616
1061	367
1061	191
1061	595
1061	846
1061	164
27	841
27	1027
27	406
27	616
27	367
27	191
27	595
27	846
27	164
841	1027
841	406
841	616
841	367
841	191
841	595
841	846
841	164
1027	406
1027	616
1027	367
1027	191
1027	595
1027	846
1027	164
406	616
406	367
406	191
406	595
406	846
406	164
616	367
616	191
616	595
616	846
616	164
367	191
367	595
367	846
367	164
191	595
191	846
191	164
595	846
595	164
846	164
239	838
239	555
239	986
239	310
239	784
239	190
838	555
838	986
838	310
838	784
838	190
555	986
555	310
555	784
555	190
986	310
986	784
986	190
310	784
310	190
784	190
527	206
527	420
527	251
527	1070
527	847
527	633
527	1194
1166	1060
1166	803
1166	1222
1166	1144
1166	26
1166	1038
1166	513
1166	400
1166	373
1166	959
1166	690
1166	960
1166	186
1166	221
1166	315
1166	613
1166	449
1166	1206
1166	832
1166	1213
1166	762
1166	910
1166	694
1060	803
1060	1222
1060	1144
1060	26
1060	1038
1060	513
1060	400
1060	373
1060	959
1060	690
1060	960
1060	186
1060	221
1060	315
1060	613
1060	449
1060	1206
1060	832
1060	1213
1060	762
1060	910
1060	694
803	1222
803	1144
803	26
803	1038
803	513
803	400
803	373
803	959
803	690
803	960
803	186
803	221
803	315
803	613
803	449
803	1206
803	832
803	1213
803	762
803	910
803	694
1222	1144
1222	26
1222	1038
1222	513
1222	400
1222	373
1222	959
1222	690
1222	960
1222	186
1222	221
1222	315
1222	613
1222	449
1222	1206
1222	832
1222	1213
1222	762
1222	910
1222	694
1144	26
1144	1038
1144	513
1144	400
1144	373
1144	959
1144	690
1144	960
1144	186
1144	221
1144	315
1144	613
1144	449
1144	1206
1144	832
1144	1213
1144	762
1144	910
1144	694
26	1038
26	513
26	400
26	373
26	959
26	690
26	960
26	186
26	221
26	315
26	613
26	449
26	1206
26	832
26	1213
26	762
26	910
26	694
1038	513
1038	400
1038	373
1038	959
1038	690
1038	960
1038	186
1038	221
1038	315
1038	613
1038	449
1038	1206
1038	832
1038	1213
1038	762
1038	910
1038	694
513	400
513	373
513	959
513	690
513	960
513	186
513	221
513	315
513	613
513	449
513	1206
513	832
513	1213
513	762
513	910
513	694
400	373
400	959
400	690
400	960
400	186
400	221
400	315
400	613
400	449
400	1206
400	832
400	1213
400	762
400	910
400	694
373	959
373	690
373	960
373	186
373	221
373	315
373	613
373	449
373	1206
373	832
373	1213
373	762
373	910
373	694
959	690
959	960
959	186
959	221
959	315
959	613
959	449
959	1206
959	832
959	1213
959	762
959	910
959	694
690	960
690	186
690	221
690	315
690	613
690	449
690	1206
690	832
690	1213
690	762
690	910
690	694
960	186
960	221
960	315
960	613
960	449
960	1206
960	832
960	1213
960	762
960	910
960	694
186	221
186	315
186	613
186	449
186	1206
186	832
186	1213
186	762
186	910
186	694
221	315
221	613
221	449
221	1206
221	832
221	1213
221	762
221	910
221	694
315	613
315	449
315	1206
315	832
315	1213
315	762
315	910
315	694
613	449
613	1206
613	832
613	1213
613	762
613	910
613	694
449	1206
449	832
449	1213
449	762
449	910
449	694
1206	832
1206	1213
1206	762
1206	910
1206	694
832	1213
832	762
832	910
832	694
1213	762
1213	910
1213	694
762	910
762	694
910	694
719	470
719	515
719	688
719	447
719	250
719	1082
719	738
719	443
719	168
719	964
719	314
719	1091
719	408
719	785
719	444
719	95
719	1101
719	192
470	515
470	688
470	447
470	250
470	1082
470	738
470	443
470	168
470	964
470	314
470	1091
470	408
470	785
470	444
470	95
470	1101
470	192
515	688
515	447
515	250
515	1082
515	738
515	443
515	168
515	964
515	314
515	1091
515	408
515	785
515	444
515	95
515	1101
515	192
688	447
688	250
688	1082
688	738
688	443
688	168
688	964
688	314
688	1091
688	408
688	785
688	444
688	95
688	1101
688	192
447	250
447	1082
447	738
447	443
447	168
447	964
447	314
447	1091
447	408
447	785
447	444
447	95
447	1101
447	192
250	1082
250	738
250	443
250	168
250	964
250	314
250	1091
250	408
250	785
250	444
250	95
250	1101
250	192
250	56
250	1192
250	152
250	519
250	540
250	435
250	721
250	423
250	696
250	1152
250	1043
250	64
250	731
250	728
250	1092
250	904
250	482
250	1069
250	862
250	233
250	977
250	1202
250	1176
250	58
250	623
250	596
250	892
250	128
250	465
250	1126
250	1157
250	1181
250	355
250	1137
250	1171
250	282
250	539
250	352
250	319
250	669
250	455
250	1116
250	387
250	1029
250	949
250	140
250	472
1082	738
1082	443
1082	168
1082	964
1082	314
1082	1091
1082	408
1082	785
1082	444
1082	95
1082	1101
1082	192
738	443
738	168
738	964
738	314
738	1091
738	408
738	785
738	444
738	95
738	1101
738	192
443	168
443	964
443	314
443	1091
443	408
443	785
443	444
443	95
443	1101
443	192
168	964
168	314
168	1091
168	408
168	785
168	444
168	95
168	1101
168	192
964	314
964	1091
964	408
964	785
964	444
964	95
964	1101
964	192
314	1091
314	408
314	785
314	444
314	95
314	1101
314	192
1091	408
1091	785
1091	444
1091	95
1091	1101
1091	192
408	785
408	444
408	95
408	1101
408	192
785	444
785	95
785	1101
785	192
444	95
444	1101
444	192
95	1101
95	192
1101	192
930	922
930	1104
930	430
930	574
930	300
930	634
930	534
930	1005
930	1161
930	216
930	1012
930	962
930	850
930	60
930	436
930	907
930	1212
922	1104
922	430
922	574
922	300
922	634
922	534
922	1005
922	1161
922	216
922	1012
922	962
922	850
922	60
922	436
922	907
922	1212
1104	430
1104	574
1104	300
1104	634
1104	534
1104	1005
1104	1161
1104	216
1104	1012
1104	962
1104	850
1104	60
1104	436
1104	907
1104	1212
430	574
430	300
430	634
430	534
430	1005
430	1161
430	216
430	1012
430	962
430	850
430	60
430	436
430	907
430	1212
574	300
574	634
574	534
574	1005
574	1161
574	216
574	1012
574	962
574	850
574	60
574	436
574	907
574	1212
300	634
300	534
300	1005
300	1161
300	216
300	1012
300	962
300	850
300	60
300	436
300	907
300	1212
634	534
634	1005
634	1161
634	216
634	1012
634	962
634	850
634	60
634	436
634	907
634	1212
534	1005
534	1161
534	216
534	1012
534	962
534	850
534	60
534	436
534	907
534	1212
1005	1161
1005	216
1005	1012
1005	962
1005	850
1005	60
1005	436
1005	907
1005	1212
1161	216
1161	1012
1161	962
1161	850
1161	60
1161	436
1161	907
1161	1212
216	1012
216	962
216	850
216	60
216	436
216	907
216	1212
1012	962
1012	850
1012	60
1012	436
1012	907
1012	1212
962	850
962	60
962	436
962	907
962	1212
850	60
850	436
850	907
850	1212
60	436
60	907
60	1212
436	907
436	1212
907	1212
56	1192
56	152
56	519
56	540
56	435
56	721
56	423
56	696
56	1152
56	1043
56	64
56	731
56	728
56	1092
56	904
56	482
56	1069
56	862
56	233
56	977
56	1202
56	1176
56	58
56	623
56	596
56	892
56	128
56	465
56	1126
56	1157
56	1181
56	355
56	1137
56	1171
56	282
56	539
56	352
56	319
56	669
56	455
56	1116
56	387
56	1029
56	949
56	140
56	472
1192	152
1192	519
1192	540
1192	435
1192	721
1192	423
1192	696
1192	1152
1192	1043
1192	64
1192	731
1192	728
1192	1092
1192	904
1192	482
1192	1069
1192	862
1192	233
1192	977
1192	1202
1192	1176
1192	58
1192	623
1192	596
1192	892
1192	128
1192	465
1192	1126
1192	1157
1192	1181
1192	355
1192	1137
1192	1171
1192	282
1192	539
1192	352
1192	319
1192	669
1192	455
1192	1116
1192	387
1192	1029
1192	949
1192	140
1192	472
152	519
152	540
152	435
152	721
152	423
152	696
152	1152
152	1043
152	64
152	731
152	728
152	1092
152	904
152	482
152	1069
152	862
152	233
152	977
152	1202
152	1176
152	58
152	623
152	596
152	892
152	128
152	465
152	1126
152	1157
152	1181
152	355
152	1137
152	1171
152	282
152	539
152	352
152	319
152	669
152	455
152	1116
152	387
152	1029
152	949
152	140
152	472
519	540
519	435
519	721
519	423
519	696
519	1152
519	1043
519	64
519	731
519	728
519	1092
519	904
519	482
519	1069
519	862
519	233
519	977
519	1202
519	1176
519	58
519	623
519	596
519	892
519	128
519	465
519	1126
519	1157
519	1181
519	355
519	1137
519	1171
519	282
519	539
519	352
519	319
519	669
519	455
519	1116
519	387
519	1029
519	949
519	140
519	472
540	435
540	721
540	423
540	696
540	1152
540	1043
540	64
540	731
540	728
540	1092
540	904
540	482
540	1069
540	862
540	233
540	977
540	1202
540	1176
540	58
540	623
540	596
540	892
540	128
540	465
540	1126
540	1157
540	1181
540	355
540	1137
540	1171
540	282
540	539
540	352
540	319
540	669
540	455
540	1116
540	387
540	1029
540	949
540	140
540	472
435	721
435	423
435	696
435	1152
435	1043
435	64
435	731
435	728
435	1092
435	904
435	482
435	1069
435	862
435	233
435	977
435	1202
435	1176
435	58
435	623
435	596
435	892
435	128
435	465
435	1126
435	1157
435	1181
435	355
435	1137
435	1171
435	282
435	539
435	352
435	319
435	669
435	455
435	1116
435	387
435	1029
435	949
435	140
435	472
721	423
721	696
721	1152
721	1043
721	64
721	731
721	728
721	1092
721	904
721	482
721	1069
721	862
721	233
721	977
721	1202
721	1176
721	58
721	623
721	596
721	892
721	128
721	465
721	1126
721	1157
721	1181
721	355
721	1137
721	1171
721	282
721	539
721	352
721	319
721	669
721	455
721	1116
721	387
721	1029
721	949
721	140
721	472
423	696
423	1152
423	1043
423	64
423	731
423	728
423	1092
423	904
423	482
423	1069
423	862
423	233
423	977
423	1202
423	1176
423	58
423	623
423	596
423	892
423	128
423	465
423	1126
423	1157
423	1181
423	355
423	1137
423	1171
423	282
423	539
423	352
423	319
423	669
423	455
423	1116
423	387
423	1029
423	949
423	140
423	472
696	1152
696	1043
696	64
696	731
696	728
696	1092
696	904
696	482
696	1069
696	862
696	233
696	977
696	1202
696	1176
696	58
696	623
696	596
696	892
696	128
696	465
696	1126
696	1157
696	1181
696	355
696	1137
696	1171
696	282
696	539
696	352
696	319
696	669
696	455
696	1116
696	387
696	1029
696	949
696	140
696	472
1152	1043
1152	64
1152	731
1152	728
1152	1092
1152	904
1152	482
1152	1069
1152	862
1152	233
1152	977
1152	1202
1152	1176
1152	58
1152	623
1152	596
1152	892
1152	128
1152	465
1152	1126
1152	1157
1152	1181
1152	355
1152	1137
1152	1171
1152	282
1152	539
1152	352
1152	319
1152	669
1152	455
1152	1116
1152	387
1152	1029
1152	949
1152	140
1152	472
1043	64
1043	731
1043	728
1043	1092
1043	904
1043	482
1043	1069
1043	862
1043	233
1043	977
1043	1202
1043	1176
1043	58
1043	623
1043	596
1043	892
1043	128
1043	465
1043	1126
1043	1157
1043	1181
1043	355
1043	1137
1043	1171
1043	282
1043	539
1043	352
1043	319
1043	669
1043	455
1043	1116
1043	387
1043	1029
1043	949
1043	140
1043	472
64	731
64	728
64	1092
64	904
64	482
64	1069
64	862
64	233
64	977
64	1202
64	1176
64	58
64	623
64	596
64	892
64	128
64	465
64	1126
64	1157
64	1181
64	355
64	1137
64	1171
64	282
64	539
64	352
64	319
64	669
64	455
64	1116
64	387
64	1029
64	949
64	140
64	472
731	728
731	1092
731	904
731	482
731	1069
731	862
731	233
731	977
731	1202
731	1176
731	58
731	623
731	596
731	892
731	128
731	465
731	1126
731	1157
731	1181
731	355
731	1137
731	1171
731	282
731	539
731	352
731	319
731	669
731	455
731	1116
731	387
731	1029
731	949
731	140
731	472
728	1092
728	904
728	482
728	1069
728	862
728	233
728	977
728	1202
728	1176
728	58
728	623
728	596
728	892
728	128
728	465
728	1126
728	1157
728	1181
728	355
728	1137
728	1171
728	282
728	539
728	352
728	319
728	669
728	455
728	1116
728	387
728	1029
728	949
728	140
728	472
1092	904
1092	482
1092	1069
1092	862
1092	233
1092	977
1092	1202
1092	1176
1092	58
1092	623
1092	596
1092	892
1092	128
1092	465
1092	1126
1092	1157
1092	1181
1092	355
1092	1137
1092	1171
1092	282
1092	539
1092	352
1092	319
1092	669
1092	455
1092	1116
1092	387
1092	1029
1092	949
1092	140
1092	472
904	482
904	1069
904	862
904	233
904	977
904	1202
904	1176
904	58
904	623
904	596
904	892
904	128
904	465
904	1126
904	1157
904	1181
904	355
904	1137
904	1171
904	282
904	539
904	352
904	319
904	669
904	455
904	1116
904	387
904	1029
904	949
904	140
904	472
482	1069
482	862
482	233
482	977
482	1202
482	1176
482	58
482	623
482	596
482	892
482	128
482	465
482	1126
482	1157
482	1181
482	355
482	1137
482	1171
482	282
482	539
482	352
482	319
482	669
482	455
482	1116
482	387
482	1029
482	949
482	140
482	472
1069	862
1069	233
1069	977
1069	1202
1069	1176
1069	58
1069	623
1069	596
1069	892
1069	128
1069	465
1069	1126
1069	1157
1069	1181
1069	355
1069	1137
1069	1171
1069	282
1069	539
1069	352
1069	319
1069	669
1069	455
1069	1116
1069	387
1069	1029
1069	949
1069	140
1069	472
862	233
862	977
862	1202
862	1176
862	58
862	623
862	596
862	892
862	128
862	465
862	1126
862	1157
862	1181
862	355
862	1137
862	1171
862	282
862	539
862	352
862	319
862	669
862	455
862	1116
862	387
862	1029
862	949
862	140
862	472
233	977
233	1202
233	1176
233	58
233	623
233	596
233	892
233	128
233	465
233	1126
233	1157
233	1181
233	355
233	1137
233	1171
233	282
233	539
233	352
233	319
233	669
233	455
233	1116
233	387
233	1029
233	949
233	140
233	472
977	1202
977	1176
977	58
977	623
977	596
977	892
977	128
977	465
977	1126
977	1157
977	1181
977	355
977	1137
977	1171
977	282
977	539
977	352
977	319
977	669
977	455
977	1116
977	387
977	1029
977	949
977	140
977	472
1202	1176
1202	58
1202	623
1202	596
1202	892
1202	128
1202	465
1202	1126
1202	1157
1202	1181
1202	355
1202	1137
1202	1171
1202	282
1202	539
1202	352
1202	319
1202	669
1202	455
1202	1116
1202	387
1202	1029
1202	949
1202	140
1202	472
1176	58
1176	623
1176	596
1176	892
1176	128
1176	465
1176	1126
1176	1157
1176	1181
1176	355
1176	1137
1176	1171
1176	282
1176	539
1176	352
1176	319
1176	669
1176	455
1176	1116
1176	387
1176	1029
1176	949
1176	140
1176	472
58	623
58	596
58	892
58	128
58	465
58	1126
58	1157
58	1181
58	355
58	1137
58	1171
58	282
58	539
58	352
58	319
58	669
58	455
58	1116
58	387
58	1029
58	949
58	140
58	472
623	596
623	892
623	128
623	465
623	1126
623	1157
623	1181
623	355
623	1137
623	1171
623	282
623	539
623	352
623	319
623	669
623	455
623	1116
623	387
623	1029
623	949
623	140
623	472
596	892
596	128
596	465
596	1126
596	1157
596	1181
596	355
596	1137
596	1171
596	282
596	539
596	352
596	319
596	669
596	455
596	1116
596	387
596	1029
596	949
596	140
596	472
892	128
892	465
892	1126
892	1157
892	1181
892	355
892	1137
892	1171
892	282
892	539
892	352
892	319
892	669
892	455
892	1116
892	387
892	1029
892	949
892	140
892	472
128	465
128	1126
128	1157
128	1181
128	355
128	1137
128	1171
128	282
128	539
128	352
128	319
128	669
128	455
128	1116
128	387
128	1029
128	949
128	140
128	472
465	1126
465	1157
465	1181
465	355
465	1137
465	1171
465	282
465	539
465	352
465	319
465	669
465	455
465	1116
465	387
465	1029
465	949
465	140
465	472
1126	1157
1126	1181
1126	355
1126	1137
1126	1171
1126	282
1126	539
1126	352
1126	319
1126	669
1126	455
1126	1116
1126	387
1126	1029
1126	949
1126	140
1126	472
1157	1181
1157	355
1157	1137
1157	1171
1157	282
1157	539
1157	352
1157	319
1157	669
1157	455
1157	1116
1157	387
1157	1029
1157	949
1157	140
1157	472
1181	355
1181	1137
1181	1171
1181	282
1181	539
1181	352
1181	319
1181	669
1181	455
1181	1116
1181	387
1181	1029
1181	949
1181	140
1181	472
355	1137
355	1171
355	282
355	539
355	352
355	319
355	669
355	455
355	1116
355	387
355	1029
355	949
355	140
355	472
1137	1171
1137	282
1137	539
1137	352
1137	319
1137	669
1137	455
1137	1116
1137	387
1137	1029
1137	949
1137	140
1137	472
1171	282
1171	539
1171	352
1171	319
1171	669
1171	455
1171	1116
1171	387
1171	1029
1171	949
1171	140
1171	472
282	539
282	352
282	319
282	669
282	455
282	1116
282	387
282	1029
282	949
282	140
282	472
539	352
539	319
539	669
539	455
539	1116
539	387
539	1029
539	949
539	140
539	472
352	319
352	669
352	455
352	1116
352	387
352	1029
352	949
352	140
352	472
319	669
319	455
319	1116
319	387
319	1029
319	949
319	140
319	472
669	455
669	1116
669	387
669	1029
669	949
669	140
669	472
455	1116
455	387
455	1029
455	949
455	140
455	472
1116	387
1116	1029
1116	949
1116	140
1116	472
387	1029
387	949
387	140
387	472
1029	949
1029	140
1029	472
949	140
949	472
140	472
650	398
650	679
650	207
650	303
650	304
650	161
650	1199
650	1163
398	679
398	207
398	303
398	304
398	161
398	1199
398	1163
679	207
679	303
679	304
679	161
679	1199
679	1163
207	303
207	304
207	161
207	1199
207	1163
303	304
303	161
303	1199
303	1163
304	161
304	1199
304	1163
161	1199
161	1163
1199	1163
337	603
337	104
337	1064
337	259
337	194
337	566
337	1232
337	793
337	512
337	130
337	624
337	87
337	1184
337	487
337	279
337	911
337	581
337	109
337	1182
337	987
337	1110
337	770
337	992
337	820
337	1013
337	663
603	104
603	1064
603	259
603	194
603	566
603	1232
603	793
603	512
603	130
603	624
603	87
603	1184
603	487
603	279
603	911
603	581
603	109
603	1182
603	987
603	1110
603	770
603	992
603	820
603	1013
603	663
104	1064
104	259
104	194
104	566
104	1232
104	793
104	512
104	130
104	624
104	87
104	1184
104	487
104	279
104	911
104	581
104	109
104	1182
104	987
104	1110
104	770
104	992
104	820
104	1013
104	663
1064	259
1064	194
1064	566
1064	1232
1064	793
1064	512
1064	130
1064	624
1064	87
1064	1184
1064	487
1064	279
1064	911
1064	581
1064	109
1064	1182
1064	987
1064	1110
1064	770
1064	992
1064	820
1064	1013
1064	663
259	194
259	566
259	1232
259	793
259	512
259	130
259	624
259	87
259	1184
259	487
259	279
259	911
259	581
259	109
259	1182
259	987
259	1110
259	770
259	992
259	820
259	1013
259	663
194	566
194	1232
194	793
194	512
194	130
194	624
194	87
194	1184
194	487
194	279
194	911
194	581
194	109
194	1182
194	987
194	1110
194	770
194	992
194	820
194	1013
194	663
566	1232
566	793
566	512
566	130
566	624
566	87
566	1184
566	487
566	279
566	911
566	581
566	109
566	1182
566	987
566	1110
566	770
566	992
566	820
566	1013
566	663
1232	793
1232	512
1232	130
1232	624
1232	87
1232	1184
1232	487
1232	279
1232	911
1232	581
1232	109
1232	1182
1232	987
1232	1110
1232	770
1232	992
1232	820
1232	1013
1232	663
793	512
793	130
793	624
793	87
793	1184
793	487
793	279
793	911
793	581
793	109
793	1182
793	987
793	1110
793	770
793	992
793	820
793	1013
793	663
512	130
512	624
512	87
512	1184
512	487
512	279
512	911
512	581
512	109
512	1182
512	987
512	1110
512	770
512	992
512	820
512	1013
512	663
130	624
130	87
130	1184
130	487
130	279
130	911
130	581
130	109
130	1182
130	987
130	1110
130	770
130	992
130	820
130	1013
130	663
624	87
624	1184
624	487
624	279
624	911
624	581
624	109
624	1182
624	987
624	1110
624	770
624	992
624	820
624	1013
624	663
87	1184
87	487
87	279
87	911
87	581
87	109
87	1182
87	987
87	1110
87	770
87	992
87	820
87	1013
87	663
1184	487
1184	279
1184	911
1184	581
1184	109
1184	1182
1184	987
1184	1110
1184	770
1184	992
1184	820
1184	1013
1184	663
487	279
487	911
487	581
487	109
487	1182
487	987
487	1110
487	770
487	992
487	820
487	1013
487	663
279	911
279	581
279	109
279	1182
279	987
279	1110
279	770
279	992
279	820
279	1013
279	663
911	581
911	109
911	1182
911	987
911	1110
911	770
911	992
911	820
911	1013
911	663
581	109
581	1182
581	987
581	1110
581	770
581	992
581	820
581	1013
581	663
109	1182
109	987
109	1110
109	770
109	992
109	820
109	1013
109	663
1182	987
1182	1110
1182	770
1182	992
1182	820
1182	1013
1182	663
987	1110
987	770
987	992
987	820
987	1013
987	663
1110	770
1110	992
1110	820
1110	1013
1110	663
770	992
770	820
770	1013
770	663
992	820
992	1013
992	663
820	1013
820	663
1013	663
1172	1133
1172	1207
1172	299
1172	530
1172	41
1172	1215
1172	782
1133	1207
1133	299
1133	530
1133	41
1133	1215
1133	782
1207	299
1207	530
1207	41
1207	1215
1207	782
299	530
299	41
299	1215
299	782
530	41
530	1215
530	782
41	1215
41	782
1215	782
881	702
881	1045
881	15
881	893
702	1045
702	15
702	893
1045	15
1045	893
15	893
62	975
62	1153
62	589
62	193
62	1129
62	391
975	1153
975	589
975	193
975	1129
975	391
1153	589
1153	193
1153	1129
1153	391
589	193
589	1129
589	391
193	1129
193	391
1129	391
837	833
837	749
837	320
837	1014
837	258
837	281
837	593
837	553
837	952
837	829
837	597
837	334
837	766
837	1188
837	397
837	1058
837	328
837	330
837	345
837	536
833	749
833	320
833	1014
833	258
833	281
833	593
833	553
833	952
833	829
833	597
833	334
833	766
833	1188
833	397
833	1058
833	328
833	330
833	345
833	536
749	320
749	1014
749	258
749	281
749	593
749	553
749	952
749	829
749	597
749	334
749	766
749	1188
749	397
749	1058
749	328
749	330
749	345
749	536
320	1014
320	258
320	281
320	593
320	553
320	952
320	829
320	597
320	334
320	766
320	1188
320	397
320	1058
320	328
320	330
320	345
320	536
1014	258
1014	281
1014	593
1014	553
1014	952
1014	829
1014	597
1014	334
1014	766
1014	1188
1014	397
1014	1058
1014	328
1014	330
1014	345
1014	536
258	281
258	593
258	553
258	952
258	829
258	597
258	334
258	766
258	1188
258	397
258	1058
258	328
258	330
258	345
258	536
281	593
281	553
281	952
281	829
281	597
281	334
281	766
281	1188
281	397
281	1058
281	328
281	330
281	345
281	536
593	553
593	952
593	829
593	597
593	334
593	766
593	1188
593	397
593	1058
593	328
593	330
593	345
593	536
553	952
553	829
553	597
553	334
553	766
553	1188
553	397
553	1058
553	328
553	330
553	345
553	536
952	829
952	597
952	334
952	766
952	1188
952	397
952	1058
952	328
952	330
952	345
952	536
829	597
829	334
829	766
829	1188
829	397
829	1058
829	328
829	330
829	345
829	536
597	334
597	766
597	1188
597	397
597	1058
597	328
597	330
597	345
597	536
334	766
334	1188
334	397
334	1058
334	328
334	330
334	345
334	536
766	1188
766	397
766	1058
766	328
766	330
766	345
766	536
1188	397
1188	1058
1188	328
1188	330
1188	345
1188	536
397	1058
397	328
397	330
397	345
397	536
1058	328
1058	330
1058	345
1058	536
328	330
328	345
328	536
330	345
330	536
345	536
237	287
237	1230
237	546
237	905
237	169
237	235
237	113
287	1230
287	546
287	905
287	169
287	235
287	113
1230	546
1230	905
1230	169
1230	235
1230	113
546	905
546	169
546	235
546	113
905	169
905	235
905	113
169	235
169	113
235	113
1039	380
1039	342
1039	108
1039	670
1039	667
1039	1063
1039	40
1039	740
1039	921
380	342
380	108
380	670
380	667
380	1063
380	40
380	740
380	921
342	108
342	670
342	667
342	1063
342	40
342	740
342	921
108	670
108	667
108	1063
108	40
108	740
108	921
667	670
667	1063
667	40
667	740
667	921
1063	670
1063	40
1063	740
1063	921
40	670
40	740
40	921
740	670
740	921
1208	880
1208	72
1208	276
1208	1147
1208	154
1208	764
1208	826
1208	773
1208	1125
1208	778
1208	1135
1208	499
1208	551
1208	888
1208	1030
1208	28
1208	197
880	72
880	276
880	1147
880	154
880	764
880	826
880	773
880	1125
880	778
880	1135
880	499
880	551
880	888
880	1030
880	28
880	197
72	276
72	1147
72	154
72	764
72	826
72	773
72	1125
72	778
72	1135
72	499
72	551
72	888
72	1030
72	28
72	197
276	1147
276	154
276	764
276	826
276	773
276	1125
276	778
276	1135
276	499
276	551
276	888
276	1030
276	28
276	197
1147	154
1147	764
1147	826
1147	773
1147	1125
1147	778
1147	1135
1147	499
1147	551
1147	888
1147	1030
1147	28
1147	197
154	764
154	826
154	773
154	1125
154	778
154	1135
154	499
154	551
154	888
154	1030
154	28
154	197
764	826
764	773
764	1125
764	778
764	1135
764	499
764	551
764	888
764	1030
764	28
764	197
826	773
826	1125
826	778
826	1135
826	499
826	551
826	888
826	1030
826	28
826	197
773	1125
773	778
773	1135
773	499
773	551
773	888
773	1030
773	28
773	197
1125	778
1125	1135
1125	499
1125	551
1125	888
1125	1030
1125	28
1125	197
778	1135
778	499
778	551
778	888
778	1030
778	28
778	197
1135	499
1135	551
1135	888
1135	1030
1135	28
1135	197
499	551
499	888
499	1030
499	28
499	197
551	888
551	1030
551	28
551	197
888	1030
888	28
888	197
1030	28
1030	197
28	197
206	420
206	251
206	1070
206	847
206	633
206	1194
420	251
420	1070
420	847
420	633
420	1194
251	1070
251	847
251	633
251	1194
1070	847
1070	633
1070	1194
847	633
847	1194
633	1194
906	1154
906	61
906	468
1154	61
1154	468
61	468
210	29
210	312
210	277
210	76
210	101
210	376
210	375
29	312
29	277
29	76
29	101
29	376
29	375
312	277
312	76
312	101
312	376
312	375
277	76
277	101
277	376
277	375
76	101
76	376
76	375
101	376
101	375
376	375
252	810
252	185
252	1033
252	1234
252	196
252	1006
252	664
252	1077
252	857
252	815
252	990
252	752
252	266
252	52
252	475
252	839
252	864
252	723
252	842
252	545
252	1083
252	821
252	899
252	876
252	215
252	142
252	118
252	809
252	651
810	185
810	1033
810	1234
810	196
810	1006
810	664
810	1077
810	857
810	815
810	990
810	752
810	266
810	52
810	475
810	839
810	864
810	723
810	842
810	545
810	1083
810	821
810	899
810	876
810	215
810	142
810	118
810	809
810	651
185	1033
185	1234
185	196
185	1006
185	664
185	1077
185	857
185	815
185	990
185	752
185	266
185	52
185	475
185	839
185	864
185	723
185	842
185	545
185	1083
185	821
185	899
185	876
185	215
185	142
185	118
185	809
185	651
1033	1234
1033	196
1033	1006
1033	664
1033	1077
1033	857
1033	815
1033	990
1033	752
1033	266
1033	52
1033	475
1033	839
1033	864
1033	723
1033	842
1033	545
1033	1083
1033	821
1033	899
1033	876
1033	215
1033	142
1033	118
1033	809
1033	651
1234	196
1234	1006
1234	664
1234	1077
1234	857
1234	815
1234	990
1234	752
1234	266
1234	52
1234	475
1234	839
1234	864
1234	723
1234	842
1234	545
1234	1083
1234	821
1234	899
1234	876
1234	215
1234	142
1234	118
1234	809
1234	651
196	1006
196	664
196	1077
196	857
196	815
196	990
196	752
196	266
196	52
196	475
196	839
196	864
196	723
196	842
196	545
196	1083
196	821
196	899
196	876
196	215
196	142
196	118
196	809
196	651
1006	664
1006	1077
1006	857
1006	815
1006	990
1006	752
1006	266
1006	52
1006	475
1006	839
1006	864
1006	723
1006	842
1006	545
1006	1083
1006	821
1006	899
1006	876
1006	215
1006	142
1006	118
1006	809
1006	651
664	1077
664	857
664	815
664	990
664	752
664	266
664	52
664	475
664	839
664	864
664	723
664	842
664	545
664	1083
664	821
664	899
664	876
664	215
664	142
664	118
664	809
664	651
1077	857
1077	815
1077	990
1077	752
1077	266
1077	52
1077	475
1077	839
1077	864
1077	723
1077	842
1077	545
1077	1083
1077	821
1077	899
1077	876
1077	215
1077	142
1077	118
1077	809
1077	651
857	815
857	990
857	752
857	266
857	52
857	475
857	839
857	864
857	723
857	842
857	545
857	1083
857	821
857	899
857	876
857	215
857	142
857	118
857	809
857	651
815	990
815	752
815	266
815	52
815	475
815	839
815	864
815	723
815	842
815	545
815	1083
815	821
815	899
815	876
815	215
815	142
815	118
815	809
815	651
990	752
990	266
990	52
990	475
990	839
990	864
990	723
990	842
990	545
990	1083
990	821
990	899
990	876
990	215
990	142
990	118
990	809
990	651
752	266
752	52
752	475
752	839
752	864
752	723
752	842
752	545
752	1083
752	821
752	899
752	876
752	215
752	142
752	118
752	809
752	651
266	52
266	475
266	839
266	864
266	723
266	842
266	545
266	1083
266	821
266	899
266	876
266	215
266	142
266	118
266	809
266	651
52	475
52	839
52	864
52	723
52	842
52	545
52	1083
52	821
52	899
52	876
52	215
52	142
52	118
52	809
52	651
475	839
475	864
475	723
475	842
475	545
475	1083
475	821
475	899
475	876
475	215
475	142
475	118
475	809
475	651
839	864
839	723
839	842
839	545
839	1083
839	821
839	899
839	876
839	215
839	142
839	118
839	809
839	651
864	723
864	842
864	545
864	1083
864	821
864	899
864	876
864	215
864	142
864	118
864	809
864	651
723	842
723	545
723	1083
723	821
723	899
723	876
723	215
723	142
723	118
723	809
723	651
842	545
842	1083
842	821
842	899
842	876
842	215
842	142
842	118
842	809
842	651
545	1083
545	821
545	899
545	876
545	215
545	142
545	118
545	809
545	651
1083	821
1083	899
1083	876
1083	215
1083	142
1083	118
1083	809
1083	651
821	899
821	876
821	215
821	142
821	118
821	809
821	651
899	876
899	215
899	142
899	118
899	809
899	651
876	215
876	142
876	118
876	809
876	651
215	142
215	118
215	809
215	651
142	118
142	809
142	651
118	809
118	651
809	651
745	989
745	689
745	180
745	307
745	141
745	569
745	8
745	598
989	689
989	180
989	307
989	141
989	569
989	8
989	598
689	180
689	307
689	141
689	569
689	8
689	598
180	307
180	141
180	569
180	8
180	598
307	141
307	569
307	8
307	598
141	569
141	8
141	598
569	8
569	598
8	598
8	996
8	1173
8	614
8	163
8	561
8	1071
8	627
8	561
8	255
8	716
8	195
112	538
112	327
112	1001
112	1047
112	647
538	327
538	1001
538	1047
538	647
327	1001
327	1047
327	647
1001	1047
1001	647
1047	647
267	936
267	1100
267	1040
267	879
267	285
267	278
267	602
267	533
267	313
267	709
267	548
267	439
267	705
267	308
267	856
267	1159
267	935
267	1231
267	547
813	457
813	313
813	218
813	181
813	524
813	695
457	313
457	218
457	181
457	524
457	695
313	218
313	181
313	524
313	695
313	709
313	548
313	439
313	705
313	308
313	856
313	1159
313	935
313	1231
313	547
218	181
218	524
218	695
181	524
181	695
524	695
709	548
709	439
709	705
709	308
709	856
709	1159
709	935
709	1231
709	547
548	439
548	705
548	308
548	856
548	1159
548	935
548	1231
548	547
439	705
439	308
439	856
439	1159
439	935
439	1231
439	547
705	308
705	856
705	1159
705	935
705	1231
705	547
308	856
308	1159
308	935
308	1231
308	547
856	1159
856	935
856	1231
856	547
1159	935
1159	1231
1159	547
935	1231
935	547
1231	547
1185	1067
1185	549
1185	1023
1185	659
1067	549
1067	1023
1067	659
549	1023
549	659
1023	659
209	242
209	157
209	822
209	1084
209	143
209	100
209	77
209	23
209	471
209	306
209	1032
209	415
242	157
242	822
242	1084
242	143
242	100
242	77
242	23
242	471
242	306
242	1032
242	415
157	822
157	1084
157	143
157	100
157	77
157	23
157	471
157	306
157	1032
157	415
822	1084
822	143
822	100
822	77
822	23
822	471
822	306
822	1032
822	415
1084	143
1084	100
1084	77
1084	23
1084	471
1084	306
1084	1032
1084	415
143	100
143	77
143	23
143	471
143	306
143	1032
143	415
100	77
100	23
100	471
100	306
100	1032
100	415
77	23
77	471
77	306
77	1032
77	415
23	471
23	306
23	1032
23	415
471	306
471	1032
471	415
306	1032
306	415
1032	415
238	451
238	498
238	1016
238	280
238	301
238	79
451	498
451	1016
451	280
451	301
451	79
498	1016
498	280
498	301
498	79
1016	280
1016	301
1016	79
280	301
280	79
301	79
364	474
364	750
474	750
460	1021
460	492
460	978
460	795
460	283
460	6
460	686
460	1131
1021	492
1021	978
1021	795
1021	283
1021	6
1021	686
1021	1131
492	978
492	795
492	283
492	6
492	686
492	1131
978	795
978	283
978	6
978	686
978	1131
978	1041
795	283
795	6
795	686
795	1131
283	6
283	686
283	1131
6	686
6	1131
686	1131
673	929
673	1218
673	928
673	85
673	928
673	1209
929	1218
929	928
929	85
929	928
929	1209
1218	928
1218	85
1218	928
1218	1209
928	85
85	928
85	1209
928	1209
756	870
756	543
756	706
870	543
870	706
543	706
47	117
47	500
47	550
47	365
47	489
47	71
47	68
47	234
117	500
117	550
117	365
117	489
117	71
117	68
117	234
500	550
500	365
500	489
500	71
500	68
500	234
550	365
550	489
550	71
550	68
550	234
365	489
365	71
365	68
365	234
489	71
489	68
489	234
71	68
71	234
68	234
149	859
149	132
149	796
149	224
859	132
859	796
859	224
132	796
132	224
796	224
1052	372
1052	861
1052	478
1052	317
1052	648
1052	346
1052	1057
1052	560
1052	1191
1052	73
372	861
372	478
372	317
372	648
372	346
372	1057
372	560
372	1191
372	73
861	478
861	317
861	648
861	346
861	1057
861	560
861	1191
861	73
478	317
478	648
478	346
478	1057
478	560
478	1191
478	73
317	648
317	346
317	1057
317	560
317	1191
317	73
648	346
648	1057
648	560
648	1191
648	73
346	1057
346	560
346	1191
346	73
1057	560
1057	1191
1057	73
560	1191
560	73
1191	73
814	1072
814	269
814	923
814	897
814	1228
814	240
814	341
814	504
1072	269
1072	923
1072	897
1072	1228
1072	240
1072	341
1072	504
269	923
269	897
269	1228
269	240
269	341
269	504
923	897
923	1228
923	240
923	341
923	504
897	1228
897	240
897	341
897	504
1228	240
1228	341
1228	504
240	341
240	504
341	504
868	159
868	1003
868	655
868	437
868	758
868	948
868	828
868	704
868	322
868	611
159	1003
159	655
159	437
159	758
159	948
159	828
159	704
159	322
159	611
1003	655
1003	437
1003	758
1003	948
1003	828
1003	704
1003	322
1003	611
655	437
655	758
655	948
655	828
655	704
655	322
655	611
437	758
437	948
437	828
437	704
437	322
437	611
758	948
758	828
758	704
758	322
758	611
948	828
948	704
948	322
948	611
828	704
828	322
828	611
704	322
704	611
322	611
404	160
404	626
404	699
404	900
404	179
404	371
404	1162
404	298
404	802
160	626
160	699
160	900
160	179
160	371
160	1162
160	298
160	802
626	699
626	900
626	179
626	371
626	1162
626	298
626	802
699	900
699	179
699	371
699	1162
699	298
699	802
900	179
900	371
900	1162
900	298
900	802
179	371
179	1162
179	298
179	802
371	1162
371	298
371	802
1162	298
1162	802
298	802
896	653
896	1211
896	947
896	609
896	646
896	912
896	875
896	920
896	969
896	110
896	93
653	1211
653	947
653	609
653	646
653	912
653	875
653	920
653	969
653	110
653	93
1211	947
1211	609
1211	646
1211	912
1211	875
1211	920
1211	969
1211	110
1211	93
947	609
947	646
947	912
947	875
947	920
947	969
947	110
947	93
609	646
609	912
609	875
609	920
609	969
609	110
609	93
646	912
646	875
646	920
646	969
646	110
646	93
912	875
912	920
912	969
912	110
912	93
875	920
875	969
875	110
875	93
920	969
920	110
920	93
969	110
969	93
110	93
724	236
724	361
724	508
724	1085
724	592
724	103
236	361
236	508
236	1085
236	592
236	103
361	508
361	1085
361	592
361	103
508	1085
508	592
508	103
1085	592
1085	103
592	103
747	851
747	1112
747	958
747	402
747	445
747	869
747	417
747	162
747	1221
747	14
747	123
747	966
851	1112
851	958
851	402
851	445
851	869
851	417
851	162
851	1221
851	14
851	123
851	966
1112	958
1112	402
1112	445
1112	869
1112	417
1112	162
1112	1221
1112	14
1112	123
1112	966
958	402
958	445
958	869
958	417
958	162
958	1221
958	14
958	123
958	966
402	445
402	869
402	417
402	162
402	1221
402	14
402	123
402	966
445	869
445	417
445	162
445	1221
445	14
445	123
445	966
869	417
869	162
869	1221
869	14
869	123
869	966
417	162
417	1221
417	14
417	123
417	966
162	1221
162	14
162	123
162	966
1221	14
1221	123
1221	966
14	123
14	966
123	966
231	494
231	652
231	458
231	358
231	932
231	583
231	405
231	248
231	748
231	743
231	94
494	652
494	458
494	358
494	932
494	583
494	405
494	248
494	748
494	743
494	94
652	458
652	358
652	932
652	583
652	405
652	248
652	748
652	743
652	94
458	358
458	932
458	583
458	405
458	248
458	748
458	743
458	94
358	932
358	583
358	405
358	248
358	748
358	743
358	94
932	583
932	405
932	248
932	748
932	743
932	94
583	405
583	248
583	748
583	743
583	94
405	248
405	748
405	743
405	94
248	748
248	743
248	94
748	743
748	94
743	94
996	1173
996	614
996	163
996	561
996	1071
996	627
996	561
996	255
996	716
996	195
1173	614
1173	163
1173	561
1173	1071
1173	627
1173	561
1173	255
1173	716
1173	195
614	163
614	561
614	1071
614	627
614	561
614	255
614	716
614	195
163	561
163	1071
163	627
163	561
163	255
163	716
163	195
561	1071
561	627
561	561
561	255
561	716
561	195
1071	627
1071	561
1071	255
1071	716
1071	195
627	561
627	255
627	716
627	195
561	255
561	716
561	195
255	716
255	195
716	195
936	1100
936	1040
936	879
936	285
936	278
936	602
936	533
1100	1040
1100	879
1100	285
1100	278
1100	602
1100	533
1040	879
1040	285
1040	278
1040	602
1040	533
879	285
879	278
879	602
879	533
285	278
285	602
285	533
278	602
278	533
602	533
106	388
106	531
106	570
106	464
106	374
106	1141
106	1124
106	126
106	985
106	1094
106	7
106	35
106	520
106	369
106	369
106	165
106	410
106	321
106	1050
106	941
106	459
106	521
106	537
106	38
106	1018
388	531
388	570
388	464
388	374
388	1141
388	1124
388	126
388	985
388	1094
388	7
388	35
388	520
388	369
388	369
388	165
388	410
388	321
388	1050
388	941
388	459
388	521
388	537
388	38
388	1018
531	570
531	464
531	374
531	1141
531	1124
531	126
531	985
531	1094
531	7
531	35
531	520
531	369
531	369
531	165
531	410
531	321
531	1050
531	941
531	459
531	521
531	537
531	38
531	1018
570	464
570	374
570	1141
570	1124
570	126
570	985
570	1094
570	7
570	35
570	520
570	369
570	369
570	165
570	410
570	321
570	1050
570	941
570	459
570	521
570	537
570	38
570	1018
464	374
464	1141
464	1124
464	126
464	985
464	1094
464	7
464	35
464	520
464	369
464	369
464	165
464	410
464	321
464	1050
464	941
464	459
464	521
464	537
464	38
464	1018
374	1141
374	1124
374	126
374	985
374	1094
374	7
374	35
374	520
374	369
374	369
374	165
374	410
374	321
374	1050
374	941
374	459
374	521
374	537
374	38
374	1018
1141	1124
1141	126
1141	985
1141	1094
1141	7
1141	35
1141	520
1141	369
1141	369
1141	165
1141	410
1141	321
1141	1050
1141	941
1141	459
1141	521
1141	537
1141	38
1141	1018
1124	126
1124	985
1124	1094
1124	7
1124	35
1124	520
1124	369
1124	369
1124	165
1124	410
1124	321
1124	1050
1124	941
1124	459
1124	521
1124	537
1124	38
1124	1018
126	985
126	1094
126	7
126	35
126	520
126	369
126	369
126	165
126	410
126	321
126	1050
126	941
126	459
126	521
126	537
126	38
126	1018
985	1094
985	7
985	35
985	520
985	369
985	369
985	165
985	410
985	321
985	1050
985	941
985	459
985	521
985	537
985	38
985	1018
1094	7
1094	35
1094	520
1094	369
1094	369
1094	165
1094	410
1094	321
1094	1050
1094	941
1094	459
1094	521
1094	537
1094	38
1094	1018
7	35
7	520
7	369
7	369
7	165
7	410
7	321
7	1050
7	941
7	459
7	521
7	537
7	38
7	1018
35	520
35	369
35	369
35	165
35	410
35	321
35	1050
35	941
35	459
35	521
35	537
35	38
35	1018
520	369
520	369
520	165
520	410
520	321
520	1050
520	941
520	459
520	521
520	537
520	38
520	1018
369	369
369	165
369	410
369	321
369	1050
369	941
369	459
369	521
369	537
369	38
369	1018
369	165
369	410
369	321
369	1050
369	941
369	459
369	521
369	537
369	38
369	1018
165	410
165	321
165	1050
165	941
165	459
165	521
165	537
165	38
165	1018
410	321
410	1050
410	941
410	459
410	521
410	537
410	38
410	1018
321	1050
321	941
321	459
321	521
321	537
321	38
321	1018
1050	941
1050	459
1050	521
1050	537
1050	38
1050	1018
941	459
941	521
941	537
941	38
941	1018
459	521
459	537
459	38
459	1018
521	537
521	38
521	1018
537	38
537	1018
38	1018
75	818
75	622
75	356
75	116
75	1089
75	965
818	622
818	356
818	116
818	1089
818	965
622	356
622	116
622	1089
622	965
356	116
356	1089
356	965
116	1089
116	965
1089	965
