0	1
0	2
0	4
0	5
0	6
0	1487
0	2878
1	2
1	4
1	5
1	6
1	1487
1	2878
1	4391
2	4
2	5
2	6
2	2878
2	4391
4	5
4	6
4	4391
5	6
5	4391
6	1487
6	4391
7	8
7	9
7	10
7	11
8	9
8	10
8	11
9	10
9	11
10	11
14	15
16	17
16	18
16	22
17	18
17	22
17	23
17	29
17	30
17	68
17	110
17	114
17	245
17	246
17	396
17	413
17	457
17	506
17	667
17	1008
17	1136
17	1356
17	1808
17	1942
17	2403
17	2506
17	2590
17	2591
17	2929
17	2971
17	3230
17	3232
17	3233
17	3238
17	3239
17	3244
17	3245
17	3293
17	3444
17	3445
17	3446
17	3740
17	3746
17	3860
17	3861
17	3957
17	3963
17	3964
17	5506
17	5507
17	5508
17	5536
17	5537
17	5538
17	5890
17	5929
19	20
19	21
20	21
22	23
22	68
22	69
22	101
22	102
22	103
22	106
22	107
22	121
22	245
22	349
22	415
22	416
22	418
22	506
22	667
22	795
22	1116
22	1131
22	1136
22	1234
22	2037
22	2929
22	3739
22	3740
22	3957
22	3963
22	3964
22	4010
22	4011
22	4012
22	4013
22	4014
22	4411
22	4412
22	4482
22	4553
22	4693
22	4694
22	4695
22	4697
22	4698
22	4834
22	5036
22	5062
22	5063
22	5064
22	5536
22	5537
22	5538
22	5775
22	5776
23	67
23	68
23	69
23	70
23	77
23	104
23	116
23	121
23	337
23	349
23	396
23	413
23	665
23	666
23	667
23	679
23	791
23	792
23	805
23	806
23	807
23	872
23	1117
23	1439
23	1440
23	1525
23	1581
23	1582
23	1619
23	1690
23	1691
23	1714
23	1777
23	2064
23	2152
23	2255
23	2380
23	2381
23	2385
23	3104
23	3325
23	3710
23	3714
23	3740
23	3884
23	4025
23	4328
23	4714
23	4715
23	4738
23	4926
23	4927
23	4928
23	5025
23	5027
23	5028
23	5093
23	5094
23	5095
23	5096
23	5097
23	5098
23	5208
23	5476
23	5479
23	5609
23	5610
23	5611
23	5890
24	26
24	29
24	30
25	26
25	27
26	27
26	29
26	30
29	30
29	68
29	121
29	244
29	245
29	391
29	394
29	397
29	457
29	1205
29	1663
29	2506
29	3069
29	3070
29	3230
29	3232
29	3233
29	3238
29	3239
29	3244
29	3245
29	4413
29	4650
29	4651
30	68
30	244
30	245
30	391
30	394
30	397
30	457
30	1205
30	1663
30	2506
30	3069
30	3070
30	3230
30	3232
30	3233
30	3238
30	3239
30	3244
30	3245
30	4413
31	32
33	3951
33	3952
33	3953
34	35
36	37
36	38
36	39
36	40
36	41
37	38
37	39
37	40
37	41
38	39
38	40
38	41
39	40
39	41
40	41
41	448
41	1287
41	1288
41	1513
41	1514
41	1825
41	3185
41	3186
41	3187
41	3730
41	5259
41	5260
41	5261
41	5262
41	5956
41	5958
41	5959
41	5960
43	44
43	45
44	45
44	46
45	46
47	48
47	49
48	49
50	51
50	52
50	53
50	54
51	52
51	53
51	54
52	53
52	54
53	54
53	2146
53	2147
53	2148
53	2149
53	3560
53	3756
53	4118
53	4744
53	4745
53	4746
53	4747
53	5107
53	5108
56	57
61	62
61	63
62	63
64	1534
65	66
67	68
67	69
67	70
67	1481
67	1484
67	1485
67	1486
67	2206
67	2317
67	2318
67	2321
67	2322
67	2323
67	2413
67	5297
68	69
68	70
68	110
68	121
68	127
68	244
68	245
68	349
68	391
68	394
68	396
68	397
68	413
68	414
68	456
68	483
68	506
68	518
68	667
68	734
68	735
68	790
68	861
68	862
68	865
68	866
68	867
68	868
68	869
68	870
68	1008
68	1054
68	1115
68	1116
68	1385
68	1451
68	1481
68	1483
68	1484
68	1485
68	1486
68	1593
68	1595
68	1704
68	1705
68	1729
68	1731
68	1834
68	1894
68	1895
68	1896
68	1897
68	1941
68	1942
68	1945
68	2026
68	2027
68	2028
68	2029
68	2030
68	2031
68	2032
68	2152
68	2164
68	2372
68	2564
68	2598
68	2599
68	2600
68	2659
68	2660
68	2661
68	2662
68	2663
68	2664
68	2875
68	2876
68	2877
68	2929
68	2938
68	2939
68	2940
68	2941
68	2942
68	3081
68	3122
68	3216
68	3218
68	3220
68	3221
68	3222
68	3223
68	3224
68	3225
68	3298
68	3302
68	3343
68	3344
68	3444
68	3445
68	3446
68	3476
68	3478
68	3491
68	3492
68	3493
68	3534
68	3612
68	3710
68	3739
68	3740
68	3834
68	3835
68	4014
68	4018
68	4042
68	4205
68	4476
68	4477
68	4478
68	4479
68	4480
68	4481
68	4650
68	4651
68	4693
68	4694
68	4695
68	4697
68	4698
68	4737
68	4738
68	4741
68	4742
68	4826
68	4830
68	4831
68	4832
68	4834
68	4845
68	5123
68	5124
68	5205
68	5208
68	5210
68	5211
68	5476
68	5479
68	5506
68	5507
68	5508
68	5536
68	5537
68	5538
68	5539
68	5732
69	70
69	110
69	245
69	246
69	278
69	349
69	396
69	413
69	414
69	494
69	667
69	1131
69	1481
69	1525
69	1616
69	1617
69	1619
69	1620
69	1623
69	1712
69	1713
69	1801
69	1804
69	1808
69	1983
69	1984
69	1985
69	1986
69	1987
69	1988
69	2312
69	2854
69	2855
69	2946
69	2947
69	2971
69	3177
69	3178
69	3276
69	3491
69	3492
69	3493
69	3722
69	3739
69	3858
69	3859
69	3978
69	4392
69	4409
69	4899
69	4910
69	4911
69	4912
69	4913
69	4917
69	4932
69	5078
69	5177
69	5202
69	5208
69	5773
69	5935
69	5937
70	2564
71	72
74	75
78	80
81	82
81	83
81	84
81	85
82	83
82	84
82	85
83	84
83	85
84	85
87	88
90	98
94	95
100	101
100	102
100	103
100	104
100	115
101	102
101	103
101	104
101	106
101	107
101	115
102	103
102	104
102	106
102	107
103	104
103	106
103	107
103	115
104	115
104	116
106	107
108	109
108	112
109	112
110	112
110	113
110	114
110	228
110	349
110	396
110	667
110	688
110	689
110	1008
110	1207
110	1208
110	1430
110	1431
110	1808
110	1942
110	2650
110	3459
110	3491
110	3493
110	3860
110	3861
110	4483
110	4846
110	4847
110	4848
110	5333
110	5334
110	5335
112	113
112	114
113	114
114	396
114	413
114	667
114	1008
114	1808
114	1942
114	2403
114	2729
114	2730
114	3860
114	3861
121	456
121	984
121	1749
121	2075
121	4239
121	4650
121	4651
121	4845
121	5205
126	127
126	128
126	4476
126	4477
126	4478
127	128
127	4476
127	4477
127	4478
129	130
129	131
130	131
133	134
133	135
134	135
136	137
136	138
137	138
139	1611
142	545
142	4501
143	144
143	145
143	146
143	147
143	148
143	149
143	150
143	152
143	153
143	154
143	157
144	145
144	146
144	147
144	148
144	149
144	1122
144	1130
144	1358
145	146
145	147
145	148
146	147
146	148
146	149
147	148
147	149
150	151
150	152
150	153
150	154
150	155
150	156
150	157
150	4414
150	5582
150	5590
150	5591
150	5592
150	5593
150	5594
151	152
151	153
151	154
151	155
151	156
152	153
152	154
152	155
152	156
152	157
153	154
153	155
153	156
153	5590
153	5591
153	5592
153	5593
153	5594
154	155
154	156
154	157
155	156
155	5590
155	5591
155	5592
155	5593
155	5594
158	159
158	160
159	160
162	163
164	165
166	167
168	169
171	172
171	173
172	173
172	174
172	178
172	179
172	184
172	202
173	174
173	178
173	179
173	184
173	202
174	178
174	179
174	184
174	202
175	176
178	179
178	184
178	202
179	180
179	184
179	202
184	185
184	186
184	202
185	186
188	189
189	3360
189	3361
192	193
201	1205
201	1206
201	2005
201	5360
207	208
207	219
208	219
208	220
216	217
216	218
217	218
222	223
222	224
222	225
222	226
222	229
222	312
222	313
222	317
223	224
223	225
223	226
223	312
223	314
223	317
224	225
224	226
224	312
224	317
225	226
225	312
225	317
226	312
226	317
230	231
230	232
232	233
234	235
236	237
240	241
240	242
241	242
243	244
243	4147
244	1205
244	1663
245	246
245	349
245	413
245	457
245	506
245	667
245	1116
245	1136
245	2504
245	2505
245	2506
245	2590
245	2591
245	2971
245	3230
245	3232
245	3233
245	3238
245	3239
245	3244
245	3245
245	3746
245	3957
245	3963
245	3964
246	349
246	2971
249	251
251	715
252	253
254	255
254	256
254	257
255	256
255	257
255	3515
255	5017
255	5018
255	5019
255	5020
255	5021
255	5022
256	257
258	259
258	260
258	261
258	265
258	268
258	270
258	271
258	272
259	260
260	261
260	265
260	268
260	270
260	271
260	272
261	265
261	268
261	270
261	271
261	272
265	268
265	270
265	271
265	272
267	3683
267	3684
267	3685
267	3686
267	3687
267	3688
267	3689
267	3690
268	269
268	270
268	271
268	272
270	271
270	272
271	272
273	274
277	278
278	396
278	414
278	506
278	507
278	865
278	866
278	867
278	868
278	869
278	870
278	1147
278	1898
278	1899
278	2116
278	5054
278	5555
278	5556
279	280
279	281
279	282
279	283
281	282
281	283
282	283
284	285
286	3882
289	290
291	292
291	297
291	2477
291	3072
291	3073
292	3066
292	3067
292	3068
292	3070
293	294
297	2477
297	3072
297	3073
300	301
300	302
301	302
303	304
305	306
305	307
306	307
307	1105
308	2036
308	2479
308	3231
308	3245
308	3372
308	3613
308	3965
308	4246
308	4247
308	4248
308	5609
308	5610
308	5611
309	310
309	311
309	4639
310	311
310	4639
312	314
315	316
316	1164
318	319
318	320
319	320
323	324
325	326
328	329
328	330
329	330
332	333
332	334
332	335
332	336
333	334
333	335
333	336
334	335
334	336
335	336
338	339
338	340
339	340
341	342
341	895
342	895
344	345
344	346
345	346
345	350
349	396
349	413
349	665
349	666
349	667
349	696
349	697
349	1623
349	2971
349	3177
349	3178
349	3491
349	3492
349	3493
349	4252
349	5177
349	5530
349	5534
349	5555
351	352
355	356
357	358
357	359
357	360
357	361
358	359
358	360
358	361
359	360
359	361
360	361
362	363
362	364
362	365
363	364
363	365
364	365
367	368
368	370
368	371
370	371
373	374
375	376
377	378
377	379
378	379
380	381
383	384
383	385
384	385
386	387
386	388
386	389
386	390
387	388
387	389
387	390
388	389
388	390
389	390
391	392
391	394
391	397
392	766
392	767
394	397
396	414
396	506
396	507
396	667
396	945
396	1008
396	1108
396	1207
396	1208
396	1714
396	1808
396	1942
396	2506
396	3029
396	3030
396	3444
396	3445
396	3446
396	3491
396	3492
396	3493
396	3860
396	3861
396	4714
396	4715
396	5687
396	5688
397	429
397	430
397	432
397	433
397	434
397	1023
400	401
403	404
406	407
408	409
408	410
409	410
413	2152
413	2363
413	3293
413	3710
413	3740
413	3746
413	5208
414	462
414	463
414	464
414	506
414	507
414	1765
414	1766
414	2312
414	4986
414	4987
414	4988
414	5687
414	5688
415	416
415	417
415	418
416	417
416	418
419	420
419	421
420	421
422	423
422	424
423	424
429	430
429	431
429	432
429	433
429	434
430	431
430	432
430	433
430	434
431	432
431	433
431	434
432	433
432	434
433	434
437	438
438	440
438	441
438	442
438	5876
438	5877
439	1153
439	1154
440	441
440	442
441	442
443	444
444	1322
445	2408
446	1357
446	4725
446	4726
450	451
450	452
451	452
453	454
453	455
454	455
457	1236
457	1237
457	1355
457	2504
457	2505
457	2506
457	2731
457	2732
457	3230
457	3232
457	3233
457	3238
457	3239
457	3244
457	3245
458	459
458	460
458	461
459	460
459	461
460	461
462	463
462	464
463	464
465	466
467	468
469	470
471	472
473	474
475	476
475	478
476	478
479	480
479	481
479	482
480	481
480	482
481	482
483	2836
483	3211
483	3212
483	3213
484	485
484	486
485	486
487	488
487	489
488	489
491	492
492	493
498	499
502	1212
505	1222
506	507
506	667
506	1054
506	1116
506	2590
506	2591
506	5506
506	5507
506	5508
506	5687
506	5688
508	509
508	510
508	511
508	512
509	510
509	511
509	512
511	512
516	3262
516	3263
522	523
527	528
532	533
535	536
535	537
535	540
535	541
535	542
535	554
535	556
535	557
535	2670
535	2671
535	2672
536	537
536	540
536	541
536	542
536	554
536	556
536	557
537	540
537	541
537	542
537	554
537	556
537	557
538	539
540	541
540	542
540	554
540	556
540	557
541	542
541	554
541	556
541	557
542	554
542	556
542	557
543	544
543	545
543	546
543	547
544	545
544	546
544	547
544	1593
544	1594
544	1595
544	3723
544	4584
544	5118
544	5127
544	5128
544	5129
545	546
545	547
546	547
548	549
548	550
549	550
552	553
554	556
554	557
556	557
560	561
562	563
562	564
563	564
563	1364
564	1364
565	566
569	570
569	571
570	571
570	572
571	576
571	577
573	574
573	575
573	579
573	580
574	575
574	579
574	580
575	579
575	580
576	577
579	580
581	582
583	584
588	589
593	594
593	595
593	3321
593	3322
594	595
594	596
595	596
597	599
603	604
605	606
605	607
606	607
607	1093
607	1094
610	611
613	614
613	615
613	616
613	617
613	618
614	615
614	616
614	617
614	618
615	616
615	617
615	618
616	617
616	618
617	618
619	620
619	621
620	621
622	623
622	624
622	625
623	624
623	625
624	625
626	627
626	628
626	629
626	630
626	631
626	632
627	628
627	629
627	630
627	631
627	632
628	629
628	630
628	631
628	632
628	972
628	973
628	974
629	630
629	631
629	632
630	631
630	632
631	632
633	634
633	635
634	635
634	4212
636	637
636	638
636	639
637	638
637	639
638	639
640	641
643	2231
643	2232
645	1084
647	648
647	649
647	650
647	651
647	652
647	653
647	654
648	649
648	650
648	651
648	652
648	653
648	654
649	650
649	651
649	652
649	653
649	654
650	651
650	652
650	653
650	654
651	652
651	653
651	654
652	653
652	654
653	654
656	657
656	658
657	658
659	660
665	666
666	667
667	1008
667	1116
667	1808
667	1942
667	2929
667	3177
667	3178
667	3444
667	3740
667	3744
667	3745
667	3860
667	3861
667	4714
667	4715
667	4932
667	5178
667	5536
667	5537
667	5538
669	670
669	671
670	671
673	674
673	675
674	675
676	4894
676	4895
676	4896
678	679
678	1321
679	1321
680	681
680	682
680	683
680	684
682	683
682	684
683	684
685	686
685	687
686	687
686	997
686	998
688	689
688	1430
688	1431
689	1430
689	1431
691	692
691	694
691	695
692	2044
692	4922
694	695
698	699
698	700
698	701
698	702
698	703
698	1427
699	700
699	701
699	702
699	703
700	701
700	702
700	703
701	702
701	703
702	703
704	705
704	706
705	706
705	4922
706	2044
706	2045
706	4922
710	711
710	712
710	713
711	712
711	713
712	713
716	717
716	718
716	719
716	720
716	721
716	722
716	3374
716	3375
717	718
717	719
717	720
717	721
717	722
718	719
718	3374
718	3375
720	721
720	722
721	722
723	2053
723	2054
725	726
727	728
730	731
732	733
734	735
736	737
737	738
737	739
737	1597
737	1599
737	2065
738	739
740	741
744	745
744	746
748	749
748	750
748	751
748	752
748	753
748	754
748	3407
748	3408
748	3409
749	750
749	751
749	752
749	753
749	754
749	3192
749	3407
749	3408
749	3409
749	4972
749	4973
749	4974
750	751
750	752
750	753
750	754
751	752
751	753
751	754
752	753
752	754
752	3407
752	3408
752	3409
753	754
754	3407
754	3408
754	3409
756	757
758	759
758	760
759	760
761	762
761	763
762	763
764	765
769	770
771	772
773	774
773	775
773	3472
773	3473
773	3474
773	3475
774	775
779	780
779	781
779	782
779	783
780	781
780	782
781	782
784	785
784	786
785	786
791	792
795	796
795	5036
797	798
797	799
797	800
798	799
798	800
799	800
801	802
802	803
805	806
806	807
806	3531
806	3532
806	3533
809	810
812	813
812	814
813	814
815	816
818	819
818	820
818	821
818	822
819	820
819	821
819	822
821	822
823	824
823	825
824	825
826	827
830	831
834	835
834	836
834	837
835	836
835	837
836	837
839	840
842	843
842	844
843	844
846	847
846	848
846	849
847	848
847	849
848	849
849	3611
849	3613
849	3614
850	852
850	855
850	857
850	858
850	859
850	860
852	853
852	854
852	855
852	857
852	858
852	859
852	860
853	854
853	855
854	855
855	857
855	858
855	859
855	860
857	858
857	859
857	860
858	859
858	860
859	860
861	862
861	863
861	864
861	865
861	866
861	867
861	868
861	869
861	870
862	863
862	864
862	865
862	866
862	867
862	868
862	869
862	870
863	864
865	866
865	867
865	868
865	869
865	870
866	867
866	868
866	869
866	870
867	868
867	869
867	870
868	869
868	870
869	870
873	874
873	4042
873	4043
875	876
875	877
875	878
875	879
876	877
876	878
876	879
877	878
877	879
878	879
880	881
880	882
881	882
883	884
883	3620
884	3620
885	886
885	887
886	887
889	3642
889	3643
889	5198
889	5199
891	892
893	894
897	901
898	915
899	904
902	903
903	914
909	910
914	917
918	919
918	920
919	920
921	1953
921	1954
921	3285
922	923
922	924
923	924
928	929
928	930
928	931
928	932
928	933
928	934
929	930
929	931
929	932
930	931
930	932
930	933
930	934
931	932
931	933
931	934
932	933
932	934
933	934
935	936
935	937
936	937
941	942
941	943
942	943
948	949
948	950
949	950
951	952
953	954
956	957
956	958
956	959
957	958
957	959
958	959
960	961
960	962
960	963
961	962
961	963
962	963
965	966
965	967
965	968
965	2260
965	2261
966	967
966	968
967	968
972	973
972	974
973	974
975	976
978	979
978	980
978	981
979	980
979	981
980	981
982	983
985	986
989	994
989	2331
990	994
990	2331
994	2331
997	998
1001	1002
1001	1003
1002	1003
1005	1006
1006	1007
1006	1008
1007	1008
1008	1808
1008	1942
1008	3377
1008	3381
1008	3534
1008	3860
1008	3861
1009	1010
1012	1013
1012	3833
1014	1015
1016	1017
1016	1018
1016	1019
1017	1018
1017	1019
1017	1210
1017	1211
1018	1019
1019	1210
1019	1211
1020	1021
1020	1022
1020	3849
1020	3850
1021	1022
1025	1026
1035	1037
1035	1038
1037	1038
1040	2552
1040	2553
1040	2554
1040	2555
1051	1052
1051	1053
1052	1053
1052	5583
1052	5584
1052	5585
1054	5444
1054	5445
1055	1056
1055	1057
1056	1057
1058	1059
1058	1060
1058	1062
1058	1063
1058	1064
1059	1060
1060	1062
1060	1063
1060	1064
1062	1063
1062	1064
1063	1064
1065	1066
1067	1068
1067	1069
1067	1070
1067	1071
1068	1069
1068	1070
1068	1071
1068	5446
1069	1070
1069	1071
1069	5446
1070	1071
1070	5446
1072	1073
1072	1074
1072	1075
1072	1076
1072	1077
1072	1078
1072	1079
1072	1080
1073	1074
1073	1075
1074	1075
1076	1077
1076	1078
1076	1079
1076	1080
1077	1078
1077	1079
1077	1080
1078	1079
1078	1080
1079	1080
1081	1082
1085	1086
1085	1087
1086	1087
1089	1090
1093	1094
1095	1096
1095	3086
1095	3087
1095	3089
1098	1099
1098	1100
1098	1101
1098	1102
1099	1100
1099	1101
1099	1102
1100	1101
1100	1102
1101	1102
1109	1111
1109	1112
1109	1113
1110	1111
1111	1112
1111	1113
1112	1113
1114	1458
1114	1459
1117	1120
1117	2228
1118	1119
1118	1120
1120	2228
1122	1130
1123	1124
1123	1125
1124	1125
1126	1127
1128	1129
1132	1133
1135	2544
1135	2545
1135	2546
1136	3727
1136	3957
1136	3963
1136	3964
1137	1138
1137	1139
1138	1139
1140	1141
1140	1142
1141	1142
1143	1144
1143	1145
1143	1146
1144	1145
1144	1146
1145	1146
1147	1148
1147	1149
1147	1150
1147	1898
1147	1899
1148	1149
1148	1150
1148	1152
1148	1891
1148	1944
1149	1150
1149	1152
1150	1152
1152	1898
1152	1899
1153	1154
1155	1156
1155	1157
1155	1158
1156	1157
1156	1158
1157	1158
1160	3990
1161	1162
1161	1163
1162	1163
1165	1508
1165	1509
1165	2788
1165	4585
1165	4605
1171	1172
1173	1174
1173	1175
1174	1175
1174	1180
1174	3993
1177	1178
1180	3993
1182	1183
1182	3846
1182	3847
1182	3848
1184	1185
1184	1186
1185	1186
1188	1189
1188	1190
1188	1191
1189	1190
1189	1191
1190	1191
1192	1193
1192	1194
1192	4023
1192	4024
1193	1194
1198	1199
1200	1201
1203	1204
1205	1206
1207	1208
1210	1211
1213	1214
1213	1215
1213	2633
1214	1215
1214	2633
1214	2635
1220	1221
1223	1224
1225	1226
1225	1227
1226	1227
1229	1230
1229	1231
1229	1232
1229	1233
1230	1231
1230	1232
1230	1233
1231	1232
1231	1233
1232	1233
1236	1237
1238	1239
1240	1241
1240	1242
1240	1243
1240	1244
1240	1245
1240	1246
1240	1247
1240	1248
1240	1249
1240	1250
1241	1242
1241	1243
1241	1244
1241	1245
1241	1246
1241	1247
1241	1248
1241	1249
1241	1250
1242	1243
1242	1244
1242	1245
1242	1246
1242	1247
1242	1248
1242	1249
1242	1250
1243	1244
1243	1245
1243	1246
1243	1247
1243	1248
1243	1249
1243	1250
1244	1245
1244	1246
1244	1247
1244	1248
1244	1249
1244	1250
1245	1246
1245	1247
1245	1248
1245	1249
1245	1250
1246	1247
1246	1248
1246	1249
1246	1250
1247	1248
1247	1249
1247	1250
1248	1249
1248	1250
1249	1250
1252	1253
1259	1260
1259	1261
1260	1261
1262	1263
1262	1264
1263	1264
1265	1266
1267	1268
1267	1269
1267	1270
1268	1269
1268	1270
1269	1270
1278	1279
1280	1281
1282	4151
1284	1285
1284	1286
1284	1461
1285	1286
1287	1288
1289	1290
1289	4165
1291	1292
1291	1293
1291	1294
1291	1295
1291	2693
1291	2694
1292	1293
1292	1294
1292	1295
1292	2693
1292	2694
1293	1294
1293	1295
1294	1295
1297	1298
1297	1299
1298	1299
1301	1302
1302	1303
1302	1304
1302	1305
1303	1304
1303	1305
1304	1305
1306	1307
1306	1308
1306	1312
1307	1308
1307	1312
1308	1309
1308	1312
1313	1314
1315	1316
1317	1318
1317	1319
1317	1320
1318	1319
1323	1324
1325	1326
1325	1327
1326	1327
1328	1329
1328	1330
1328	1331
1328	1332
1328	1333
1329	1330
1329	1331
1329	1332
1329	1333
1330	1331
1330	1332
1330	1333
1331	1332
1331	1333
1332	1333
1334	1335
1339	1340
1343	1344
1343	1345
1344	1345
1344	2230
1344	2728
1346	1347
1346	1348
1346	1349
1346	1350
1346	1351
1346	1352
1346	1353
1346	1354
1346	1355
1347	1348
1347	1349
1347	1350
1347	1351
1347	1352
1347	1353
1347	1354
1347	1355
1348	1349
1348	1350
1348	1351
1348	1352
1348	1353
1348	1354
1348	1355
1349	1350
1349	1351
1349	1352
1349	1353
1349	1354
1349	1355
1350	1351
1350	1352
1350	1353
1350	1354
1350	1355
1351	1352
1351	1353
1351	1354
1351	1355
1352	1353
1352	1354
1352	1355
1353	1354
1353	1355
1354	1355
1355	2731
1355	2732
1358	3562
1358	3563
1366	1367
1368	1369
1369	1370
1372	1373
1372	1374
1372	1375
1372	1376
1373	1374
1373	1375
1373	1376
1374	1375
1374	1376
1375	1376
1383	4901
1385	1386
1385	1387
1386	1387
1388	1389
1388	1390
1388	1391
1388	1392
1388	1394
1388	1395
1389	1390
1389	1391
1389	1392
1389	1394
1389	1395
1390	1391
1390	1392
1390	1394
1390	1395
1391	1392
1391	1394
1391	1395
1392	1394
1392	1395
1394	1395
1396	1397
1396	1400
1401	1402
1409	1410
1409	1411
1410	1411
1425	1426
1430	1431
1432	1433
1432	1434
1433	1434
1437	1438
1438	1441
1439	1440
1442	1443
1442	1444
1442	1445
1443	1444
1443	1445
1444	1445
1446	1447
1446	1448
1446	1449
1447	1448
1447	1449
1448	1449
1449	1450
1449	4776
1449	4777
1450	4776
1450	4777
1451	1452
1451	1453
1452	1453
1453	5974
1453	5975
1458	4022
1458	5134
1458	5200
1461	2860
1465	1466
1466	1467
1470	1471
1474	1475
1474	1476
1474	1477
1474	1478
1474	1479
1474	1480
1475	1476
1475	1477
1475	1478
1475	1479
1475	1480
1476	1477
1476	1478
1476	1479
1476	1480
1477	1478
1477	1479
1477	1480
1478	1479
1478	1480
1479	1480
1481	1482
1481	1484
1481	1485
1481	1486
1484	1485
1484	1486
1485	1486
1489	1490
1491	1492
1491	1493
1492	1493
1494	1495
1494	2886
1494	2887
1494	2888
1496	1497
1496	1498
1496	1499
1496	1500
1497	1498
1497	1499
1503	1504
1505	2990
1505	2991
1505	2993
1505	5038
1505	5039
1505	5040
1505	5041
1505	5042
1505	5043
1505	5044
1508	1509
1512	1513
1512	1514
1513	1514
1515	1516
1520	1521
1520	1522
1520	1523
1520	1524
1521	1522
1521	1523
1521	1524
1522	1523
1522	1524
1523	1524
1527	1528
1527	1529
1528	1529
1531	1532
1531	1533
1532	1533
1534	1537
1538	1539
1539	1849
1539	1850
1539	1851
1539	1852
1540	1541
1540	1542
1541	1542
1544	1545
1544	1546
1545	1546
1547	1548
1548	2443
1548	2444
1548	2445
1549	1550
1549	1551
1549	1552
1549	1553
1550	1551
1550	1552
1550	1553
1551	1552
1551	1553
1552	1553
1555	1556
1555	1557
1560	1561
1560	1562
1561	1562
1563	1564
1563	1565
1564	1565
1566	1567
1566	1568
1567	1568
1571	1572
1576	1577
1581	1582
1584	1585
1584	1586
1584	1587
1584	1588
1585	1586
1585	1587
1585	1588
1586	1587
1586	1588
1587	1588
1590	1591
1590	1592
1591	1592
1593	1594
1593	1595
1594	1595
1597	1598
1597	1600
1597	1601
1597	1602
1597	1603
1597	1604
1597	4487
1597	4488
1600	1601
1600	1602
1600	1603
1600	1604
1601	1602
1601	1603
1601	1604
1602	1603
1602	1604
1603	1604
1612	3705
1612	4751
1616	1617
1616	1620
1617	1620
1621	1622
1623	2119
1623	2120
1623	2121
1623	2122
1623	2123
1623	2124
1627	1628
1633	1634
1633	1635
1634	1635
1638	1639
1638	1640
1638	1641
1638	1642
1638	1643
1639	1640
1639	1641
1639	1642
1639	1643
1640	1641
1640	1642
1640	1643
1641	1642
1641	1643
1642	1643
1646	1647
1649	3528
1652	1653
1654	1655
1654	1656
1655	1656
1656	2266
1657	1658
1657	1659
1657	1660
1657	1662
1658	1659
1658	1660
1658	1662
1659	1660
1659	1662
1660	1662
1664	1665
1666	2930
1666	2931
1666	2932
1666	2933
1667	1668
1671	1672
1671	1673
1672	1673
1679	1680
1682	1683
1682	1685
1687	1688
1690	1691
1694	1695
1698	1699
1698	1700
1698	1701
1698	1702
1700	1701
1700	1702
1701	1702
1704	1705
1704	2599
1704	2600
1705	2599
1705	2600
1707	1708
1707	1709
1708	1709
1710	1711
1713	2729
1713	2730
1713	3494
1713	3495
1713	3496
1713	3497
1713	3498
1713	5202
1713	5773
1716	1717
1716	1718
1717	1718
1719	1720
1719	1721
1719	1722
1720	1721
1720	1722
1721	1722
1724	1725
1727	1728
1728	1832
1728	1833
1729	1730
1729	1731
1730	1997
1734	1735
1739	1740
1741	1742
1743	1744
1746	1747
1746	1748
1747	1748
1750	1751
1754	1755
1754	1756
1754	1757
1754	1758
1754	1759
1755	1756
1755	1757
1755	1758
1755	1759
1756	1757
1756	1758
1756	1759
1757	1758
1757	1759
1758	1759
1761	1762
1761	1764
1764	4690
1765	1766
1767	1768
1767	1769
1768	1769
1770	1771
1770	1772
1770	1773
1770	1774
1770	1775
1770	1776
1771	1772
1773	1774
1773	1775
1773	1776
1774	1775
1774	1776
1775	1776
1779	1780
1779	1781
1780	1781
1787	1788
1791	1792
1791	1793
1792	1793
1798	1799
1800	1801
1800	1802
1800	1803
1800	1807
1800	1811
1801	1802
1801	1803
1801	1804
1801	1805
1801	1806
1801	1807
1801	1809
1801	1810
1801	1811
1802	1803
1802	1807
1802	1811
1803	1807
1803	1811
1805	1806
1807	1808
1807	1811
1808	1942
1808	3860
1808	3861
1808	4932
1812	1813
1812	3164
1817	1818
1819	1820
1819	3170
1819	3171
1822	1823
1825	1826
1825	1827
1825	3185
1825	3186
1825	3187
1826	1827
1832	1833
1836	1837
1836	1838
1836	1839
1836	1840
1836	1841
1836	1842
1836	1843
1836	1844
1836	2688
1836	3809
1836	4709
1836	4710
1836	4711
1836	4727
1836	4728
1836	4729
1836	4730
1836	4731
1837	1838
1837	1839
1837	1840
1837	1841
1837	1842
1837	1843
1837	1844
1838	1839
1838	1840
1838	1841
1838	1842
1838	1843
1838	1844
1839	1840
1839	1841
1839	1842
1839	1843
1839	1844
1840	1841
1840	1842
1840	1843
1840	1844
1841	1842
1841	1843
1841	1844
1841	4709
1841	4710
1841	4711
1842	1843
1842	1844
1843	1844
1845	1846
1845	1847
1845	2900
1845	2901
1845	2903
1845	2909
1846	1847
1849	1850
1849	1851
1849	1852
1850	1851
1850	1852
1851	1852
1853	1854
1853	1855
1854	1855
1856	1857
1856	1858
1856	1859
1857	1858
1857	1859
1857	1871
1857	1872
1857	1873
1857	1874
1857	1875
1858	1859
1865	1866
1871	1872
1871	1873
1871	1874
1871	1875
1872	1873
1872	1874
1872	1875
1873	1874
1873	1875
1874	1875
1876	1877
1878	1879
1878	1880
1878	1881
1878	1884
1878	1885
1879	1880
1879	1881
1879	1884
1879	1885
1880	1881
1880	1884
1880	1885
1881	1884
1881	1885
1884	1885
1887	1888
1890	1891
1890	1909
1890	1911
1890	1944
1891	1944
1894	1895
1894	1896
1894	1897
1894	1899
1895	1896
1895	1897
1895	1945
1896	1897
1898	1899
1906	1907
1906	1908
1907	1908
1914	1915
1916	1917
1921	1922
1926	1927
1930	1931
1930	1932
1931	1932
1934	1935
1934	1936
1935	1936
1938	4822
1941	1942
1941	2220
1941	5986
1942	3860
1942	3861
1942	4659
1946	4228
1946	4229
1946	4230
1953	1954
1957	1958
1959	1960
1959	1961
1960	1961
1962	1963
1962	1964
1962	1965
1963	1964
1963	1965
1964	1965
1966	1967
1966	1968
1966	1969
1966	1970
1966	1971
1966	2680
1966	3300
1966	3301
1967	1968
1967	1969
1967	1970
1967	1971
1967	1972
1967	1973
1967	1974
1967	1975
1967	2680
1967	2684
1968	1969
1968	1970
1968	1971
1968	1972
1968	1973
1968	1974
1968	1975
1968	2680
1968	2683
1968	2684
1968	3298
1968	3299
1969	1970
1969	1971
1969	2680
1970	1971
1970	1972
1970	1973
1970	1974
1970	1975
1970	2680
1971	2680
1972	1973
1972	1974
1972	1975
1973	1974
1973	1975
1974	1975
1976	1977
1976	1978
1977	1978
1982	1983
1983	1984
1983	1985
1983	1986
1983	1987
1983	1988
1984	1985
1984	1986
1984	1987
1984	1988
1985	1986
1985	1987
1985	1988
1986	1987
1986	1988
1987	1988
1989	1990
1992	1993
1992	1994
1993	1994
1995	1996
2000	2001
2002	2003
2002	2004
2003	2004
2007	2008
2009	2010
2009	2011
2010	2011
2014	2015
2014	2016
2014	2020
2014	3366
2014	3367
2015	2016
2015	2020
2015	3366
2015	3367
2018	2019
2020	3366
2020	3367
2022	2023
2022	2024
2023	2024
2026	2027
2026	2028
2026	2029
2026	2030
2026	2031
2026	2032
2027	2028
2027	2029
2027	2030
2027	2031
2027	2032
2027	2071
2028	2029
2028	2030
2028	2031
2028	2032
2028	2071
2029	2030
2029	2031
2029	2032
2030	2031
2030	2032
2031	2032
2033	2034
2036	2037
2036	2038
2036	3372
2036	3965
2037	2038
2040	2041
2040	2042
2041	2042
2042	2043
2044	2045
2046	2047
2048	2049
2053	2054
2053	2060
2053	2061
2053	2062
2055	2056
2055	2057
2055	2058
2056	2057
2060	2061
2060	2062
2061	2062
2063	2064
2071	2524
2073	2074
2076	2077
2076	2078
2076	2079
2076	2080
2076	2081
2076	2082
2076	2083
2076	2084
2076	2085
2076	2086
2076	2087
2077	2078
2077	2079
2077	2080
2077	2081
2077	2082
2077	2083
2077	2084
2077	2085
2077	2086
2077	2087
2078	2079
2078	2080
2078	2081
2078	2082
2078	2083
2078	2084
2078	2085
2078	2086
2078	2087
2079	2080
2079	2081
2079	2082
2079	2083
2079	2084
2079	2085
2079	2086
2079	2087
2080	2081
2080	2082
2080	2083
2080	2084
2080	2085
2080	2086
2080	2087
2081	2082
2081	2083
2081	2084
2081	2085
2081	2086
2081	2087
2082	2083
2082	2084
2082	2085
2082	2086
2082	2087
2083	2084
2083	2085
2083	2086
2083	2087
2084	2085
2084	2086
2084	2087
2085	2086
2085	2087
2086	2087
2089	2090
2089	2091
2090	2091
2093	2094
2093	2095
2093	2096
2094	2095
2094	2096
2099	2100
2099	2101
2099	2636
2099	2665
2099	4984
2099	4985
2100	2101
2100	2665
2101	2636
2101	2665
2103	2104
2105	2106
2109	2113
2109	2114
2109	2115
2110	2111
2113	2114
2113	2115
2114	2115
2116	2983
2117	2118
2119	2120
2119	2121
2119	2122
2119	2123
2119	2124
2120	2121
2120	2122
2120	2123
2120	2124
2121	2122
2121	2123
2121	2124
2122	2123
2122	2124
2123	2124
2126	2127
2129	2130
2129	2131
2130	2131
2132	2133
2132	2134
2132	2135
2133	2134
2133	2135
2134	2135
2136	2137
2138	2139
2138	5055
2141	2142
2146	2147
2146	2148
2146	2149
2147	2148
2147	2149
2148	2149
2151	2152
2151	2153
2151	2156
2152	2153
2152	2156
2152	2206
2152	3706
2152	3707
2152	3708
2152	3709
2152	3710
2152	3740
2153	2156
2157	2158
2160	2161
2160	2162
2161	2162
2164	2165
2167	2168
2167	2169
2168	2169
2170	2171
2170	2172
2171	2172
2172	2173
2176	2177
2181	2182
2181	3593
2183	2184
2183	2189
2183	2190
2184	2189
2184	2190
2189	2190
2191	2192
2191	2193
2191	2194
2191	2195
2192	2193
2192	2194
2192	2195
2193	2194
2193	2195
2194	2195
2196	2197
2196	2962
2198	2199
2198	2200
2199	2200
2204	3179
2204	3180
2204	5181
2205	2206
2206	2317
2206	2318
2206	2321
2206	2322
2206	2323
2206	3707
2206	3708
2206	3710
2207	2208
2210	2211
2210	2212
2210	3083
2212	3083
2214	2215
2218	2219
2221	2222
2223	2224
2223	3682
2225	2226
2229	2230
2230	2728
2231	2232
2235	2236
2235	2237
2235	2238
2236	2237
2236	2238
2237	2238
2237	4193
2237	4194
2237	4198
2239	2240
2244	2245
2244	2246
2245	2246
2245	2249
2247	2248
2252	2254
2252	2255
2252	2256
2252	2257
2255	2256
2255	2257
2256	2257
2260	2261
2262	2263
2264	2265
2267	2268
2267	2269
2267	2270
2267	2271
2268	2269
2268	2270
2268	2271
2269	2270
2269	2271
2270	2271
2272	2273
2274	5087
2275	2276
2275	2277
2276	2277
2277	2288
2279	2280
2288	2291
2289	2290
2293	2294
2295	2296
2302	2303
2308	2309
2311	2312
2311	2313
2312	2313
2313	2374
2314	2315
2317	2318
2317	2319
2317	2321
2317	2322
2317	2323
2318	2319
2318	2321
2318	2322
2318	2323
2321	2322
2321	2323
2322	2323
2324	2325
2324	2326
2325	2326
2327	2328
2329	2330
2332	2334
2332	2335
2333	2334
2334	2335
2339	2340
2339	2341
2340	2341
2340	5356
2342	2343
2345	2347
2348	2349
2348	2350
2348	2351
2348	2352
2348	2353
2348	2354
2348	2355
2348	2356
2348	2357
2348	2358
2348	2359
2348	2360
2348	2361
2348	2362
2348	2366
2349	2350
2349	2351
2349	2352
2349	2353
2349	2354
2349	2355
2349	2356
2349	2357
2349	2358
2349	2359
2349	2360
2349	2361
2349	2362
2349	2366
2349	2466
2349	2467
2349	2468
2349	2469
2349	2470
2349	2643
2350	2351
2350	2352
2350	2353
2350	2354
2350	2355
2350	2356
2350	2357
2350	2358
2350	2359
2350	2360
2350	2361
2350	2362
2350	2366
2350	2466
2350	2467
2350	2468
2350	2469
2350	2470
2350	2643
2351	2352
2351	2353
2351	2354
2351	2355
2351	2356
2351	2357
2351	2358
2351	2359
2351	2360
2351	2361
2351	2362
2351	2466
2351	2467
2351	2468
2351	2469
2351	2470
2351	2643
2352	2353
2352	2354
2352	2355
2352	2356
2352	2357
2352	2358
2352	2359
2352	2360
2352	2361
2352	2362
2352	2466
2352	2467
2352	2468
2352	2469
2352	2470
2352	2643
2353	2354
2353	2355
2353	2356
2353	2357
2353	2358
2353	2359
2353	2360
2353	2361
2353	2362
2353	2466
2353	2467
2353	2468
2353	2469
2353	2470
2354	2355
2354	2356
2354	2357
2354	2358
2354	2359
2354	2360
2354	2361
2354	2362
2354	2466
2354	2467
2354	2468
2354	2469
2354	2470
2354	2643
2355	2356
2355	2357
2355	2358
2355	2359
2355	2360
2355	2361
2355	2362
2355	2366
2356	2357
2356	2358
2356	2359
2356	2360
2356	2361
2356	2362
2356	2366
2357	2358
2357	2359
2357	2360
2357	2361
2357	2362
2357	2366
2357	2466
2357	2467
2357	2468
2357	2469
2357	2470
2357	2643
2358	2359
2358	2360
2358	2361
2358	2362
2358	2366
2359	2360
2359	2361
2359	2362
2359	2366
2359	2466
2359	2467
2359	2468
2359	2469
2359	2470
2359	2643
2360	2361
2360	2362
2360	2366
2360	2466
2360	2467
2360	2468
2360	2469
2360	2470
2360	2643
2361	2362
2361	2366
2361	2466
2361	2467
2361	2468
2361	2469
2361	2470
2361	2643
2362	2366
2362	2466
2362	2467
2362	2468
2362	2469
2362	2470
2362	2643
2364	2365
2367	2368
2367	2369
2368	2369
2370	2371
2375	2376
2375	2377
2375	2378
2375	2379
2375	2406
2375	2407
2376	2377
2376	2378
2376	2379
2377	2378
2377	2379
2378	2379
2380	2381
2383	2398
2383	2399
2383	2400
2386	2387
2388	2389
2390	3013
2390	3016
2390	3017
2392	2393
2394	2395
2398	2399
2398	2400
2399	2400
2402	2403
2406	2407
2408	2409
2410	2414
2415	2416
2415	2417
2415	2418
2416	2417
2416	2418
2417	2418
2423	2426
2423	5468
2423	5469
2423	5470
2424	2425
2426	2427
2426	5468
2426	5469
2426	5470
2431	2432
2433	2434
2436	2437
2436	2438
2436	3829
2436	3830
2436	3831
2436	3832
2437	2438
2437	3829
2437	3830
2437	3831
2437	4319
2443	2444
2443	2445
2444	2445
2446	2447
2446	2448
2447	2448
2448	2449
2451	2452
2454	2455
2460	5436
2462	2463
2466	2467
2466	2468
2466	2469
2466	2470
2466	2643
2467	2468
2467	2469
2467	2470
2467	2643
2468	2469
2468	2470
2468	2643
2469	2470
2469	2643
2470	2643
2472	2473
2472	2474
2472	2475
2473	2474
2473	2475
2473	2700
2473	2701
2473	5358
2473	5359
2474	2475
2475	2700
2475	2701
2475	5358
2475	5359
2476	2477
2477	3072
2477	3073
2482	2483
2492	2493
2495	2496
2495	2497
2495	3896
2495	3898
2496	2497
2498	3910
2498	5494
2499	2500
2504	2505
2504	2506
2504	2509
2504	2510
2504	2511
2504	2515
2504	2516
2504	2518
2505	2506
2505	2509
2505	2510
2505	2511
2505	2515
2505	2516
2505	2518
2506	2509
2506	2510
2506	2511
2506	2515
2506	2516
2506	2518
2506	2971
2506	3230
2506	3232
2506	3233
2506	3238
2506	3239
2506	3244
2506	3245
2506	3807
2506	3808
2506	3809
2506	3810
2506	3822
2506	5929
2508	2509
2508	2510
2508	2511
2509	2510
2509	2511
2509	2515
2509	2516
2509	2518
2510	2511
2510	2515
2510	2516
2510	2518
2511	2515
2511	2516
2511	2518
2512	2513
2512	2514
2515	2516
2515	2517
2515	2518
2516	2517
2516	2518
2519	2520
2521	2522
2526	2527
2530	2531
2530	2532
2530	2533
2531	2532
2531	2533
2532	2533
2534	2535
2537	2538
2539	2540
2541	2542
2544	2545
2544	2546
2545	2546
2547	2548
2547	2549
2548	2549
2552	2553
2552	2554
2552	2555
2553	2554
2553	2555
2554	2555
2556	2557
2556	2558
2556	2559
2557	2558
2557	2559
2557	2560
2557	2561
2557	2562
2557	2565
2558	2559
2560	2561
2560	2562
2561	2562
2561	2565
2562	2565
2566	2567
2576	2577
2578	2579
2583	2584
2589	2590
2590	2591
2592	2593
2598	2599
2599	2600
2602	2603
2602	2604
2603	2604
2610	2611
2615	2616
2617	2618
2617	2621
2617	5710
2619	2620
2621	4047
2621	5710
2623	2624
2623	2625
2623	2626
2623	2627
2624	2625
2624	2626
2624	2627
2625	2626
2625	2627
2626	2627
2628	2631
2629	2630
2631	2632
2633	2635
2637	2638
2646	2647
2651	2652
2653	2654
2653	2655
2653	2656
2653	2657
2654	2655
2654	2656
2654	2657
2655	2656
2655	2657
2656	2657
2659	2660
2659	2661
2659	2662
2659	2663
2659	2664
2659	5777
2659	5778
2660	2661
2660	2662
2660	2663
2660	2664
2660	5777
2660	5778
2661	2662
2661	2663
2661	2664
2661	5777
2661	5778
2662	2663
2662	2664
2663	2664
2664	5777
2664	5778
2666	4138
2666	4139
2666	4140
2666	4141
2666	4142
2667	2668
2667	2669
2668	2669
2670	2671
2670	2672
2671	2672
2673	2674
2673	2675
2673	2677
2673	2678
2673	2679
2674	2675
2674	2677
2674	2678
2674	2679
2675	2677
2675	2678
2675	2679
2677	2678
2677	2679
2678	2679
2681	2682
2681	2683
2682	2683
2683	3298
2683	3299
2685	2686
2688	2689
2688	2690
2688	3807
2688	3808
2688	3809
2688	3812
2688	3813
2688	3814
2688	3815
2688	3820
2688	3822
2688	3823
2688	3824
2688	4727
2688	4728
2688	4729
2688	4730
2688	4731
2689	2690
2693	2694
2696	2697
2700	2701
2702	2703
2702	2704
2702	2718
2703	2704
2703	2718
2704	2718
2709	2710
2719	2720
2722	2723
2723	2726
2724	2725
2729	2730
2731	2732
2733	2734
2733	2738
2733	2739
2733	2740
2733	2741
2733	2742
2733	2743
2733	2744
2734	2738
2734	2739
2734	2740
2734	2741
2734	2742
2734	2743
2734	2744
2735	2736
2735	3353
2735	3354
2736	2737
2736	3353
2736	3354
2737	3353
2738	2739
2738	2740
2738	2741
2738	2742
2738	2743
2738	2744
2739	2740
2739	2741
2739	2742
2739	2743
2739	2744
2740	2741
2740	2742
2740	2743
2740	2744
2741	2742
2741	2743
2741	2744
2742	2743
2742	2744
2743	2744
2747	2748
2747	2749
2748	2749
2750	2751
2753	2754
2753	2755
2753	2756
2754	2755
2754	2756
2754	3031
2754	3032
2755	2756
2757	2758
2758	2760
2758	2768
2758	2769
2758	2783
2758	2786
2758	2787
2760	2768
2760	2769
2760	2783
2760	2786
2760	2787
2762	5523
2762	5524
2768	2769
2768	2783
2768	2786
2768	2787
2769	2783
2769	2786
2769	2787
2771	2772
2783	2786
2783	2787
2786	2787
2788	2789
2788	2790
2788	2791
2788	2792
2788	2793
2788	2794
2789	2790
2789	2791
2789	2792
2789	2793
2789	2794
2790	2791
2790	2792
2790	2793
2790	2794
2790	2795
2791	2795
2791	2796
2792	2793
2792	2794
2792	2795
2793	2794
2793	2795
2794	2795
2795	2796
2795	4301
2796	4301
2797	2798
2799	2800
2799	2801
2800	2801
2802	2803
2802	2804
2802	2805
2802	2806
2803	2804
2803	2805
2803	2806
2804	2805
2804	2806
2805	2806
2812	2820
2812	2822
2813	2814
2816	2817
2824	2825
2824	2826
2825	2826
2827	2828
2829	2830
2829	2831
2829	2832
2830	2831
2830	2832
2831	2832
2833	2834
2833	2835
2834	2835
2836	3211
2836	3212
2836	3213
2838	2839
2842	2843
2844	2845
2844	2846
2845	2846
2848	2849
2851	2852
2854	2855
2857	2858
2857	2859
2858	2859
2862	2863
2862	2864
2862	2865
2863	2864
2863	2865
2864	2865
2866	2867
2866	2868
2867	2868
2869	2870
2871	2872
2873	5992
2873	5993
2873	5994
2873	5995
2873	5996
2873	5997
2873	5998
2873	5999
2873	6000
2873	6001
2873	6002
2873	6003
2873	6004
2873	6005
2875	2876
2875	2877
2876	2877
2878	4391
2879	2880
2879	2881
2880	2881
2883	2884
2883	2885
2884	2885
2886	2887
2886	2888
2887	2888
2889	2890
2889	2891
2890	2891
2893	2894
2896	2897
2896	2898
2896	2899
2897	2898
2897	2899
2898	2899
2900	2901
2900	2903
2900	2909
2901	2903
2901	2909
2903	2909
2906	2907
2915	2916
2915	2917
2916	2917
2918	2921
2918	2922
2921	2922
2923	2924
2923	2925
2924	2925
2926	2927
2926	2928
2927	2928
2929	3056
2929	3740
2929	5536
2929	5537
2929	5538
2929	5595
2929	5596
2929	5597
2929	5598
2930	2931
2930	2932
2930	2933
2931	2932
2931	2933
2932	2933
2935	2936
2938	2939
2938	2940
2938	2941
2938	2942
2939	2940
2939	2941
2939	2942
2940	2941
2940	2942
2941	2942
2942	5732
2943	2944
2946	2947
2947	4309
2953	2954
2953	2955
2954	2955
2956	2957
2958	2959
2958	2960
2958	2961
2959	2960
2959	2961
2960	2961
2964	2965
2966	2967
2968	2969
2971	5929
2976	3864
2976	3865
2977	2978
2977	2979
2977	2980
2978	2979
2978	2980
2979	2980
2979	4164
2981	2982
2982	2983
2982	2984
2983	2984
2987	2988
2987	2989
2988	2989
2990	2991
2995	2996
2997	2998
2998	3303
2999	3000
3001	3002
3001	3003
3001	3004
3001	3005
3001	3006
3001	3008
3001	3009
3002	3003
3002	3004
3003	3004
3004	3005
3004	3006
3004	3008
3004	3009
3005	3006
3005	3008
3005	3009
3006	3009
3010	3011
3013	3016
3013	3017
3015	3016
3016	3017
3018	3019
3018	3020
3018	3021
3019	3020
3019	3021
3020	3021
3022	3023
3024	3025
3026	3027
3026	3028
3027	3028
3027	4320
3029	3030
3031	3032
3033	3034
3033	3035
3033	3036
3034	3035
3034	3036
3035	3036
3037	3038
3037	4218
3040	3041
3043	3044
3047	3048
3048	3049
3058	3059
3058	3060
3059	3060
3063	3064
3063	3065
3063	4612
3063	4613
3064	3065
3066	3067
3066	3068
3066	3070
3067	3068
3067	3070
3068	3070
3069	3070
3072	3073
3074	3075
3074	3076
3074	3077
3075	3076
3075	3077
3076	3077
3078	3079
3078	3080
3078	3081
3078	3082
3078	3280
3078	3281
3078	3283
3078	3284
3079	3080
3079	3081
3079	3082
3080	3081
3080	3082
3080	3280
3080	3281
3080	3282
3080	3283
3080	3284
3081	3082
3086	3087
3086	3089
3087	3088
3087	3089
3090	3091
3092	3093
3092	3094
3092	3095
3093	3094
3093	3095
3094	3095
3096	3097
3096	3098
3096	3099
3097	3098
3097	3099
3098	3099
3101	3251
3101	5615
3101	5616
3101	5617
3101	5618
3102	3103
3103	3104
3105	3106
3105	3107
3106	3107
3108	3109
3111	3112
3114	3115
3114	3116
3115	3116
3117	3118
3122	3346
3123	3124
3123	3345
3123	4843
3126	3127
3126	3946
3126	3947
3129	3130
3129	3131
3130	3131
3132	3133
3137	3138
3137	3139
3138	3139
3140	4179
3141	3142
3143	3144
3143	3145
3144	3145
3148	3149
3153	3154
3155	3156
3155	3157
3156	3157
3162	3163
3168	3169
3170	3171
3172	3173
3172	3174
3172	3175
3172	3176
3173	3174
3173	3175
3173	3176
3174	3175
3174	3176
3175	3176
3177	3178
3179	3180
3180	5184
3185	3186
3185	3187
3186	3187
3188	3189
3188	3190
3189	3190
3192	3193
3192	3410
3197	3198
3197	3199
3198	3199
3200	3201
3202	3203
3202	3204
3203	3204
3205	3206
3209	3210
3211	3212
3211	3213
3212	3213
3214	3215
3216	3217
3216	3218
3216	3219
3216	3220
3216	3221
3216	3222
3216	3223
3216	3224
3216	3225
3217	3218
3217	3219
3218	3219
3218	3220
3218	3221
3218	3222
3218	3223
3218	3224
3218	3225
3220	3221
3220	3222
3220	3223
3220	3224
3220	3225
3221	3222
3221	3223
3221	3224
3221	3225
3222	3223
3222	3224
3222	3225
3223	3224
3223	3225
3224	3225
3226	3227
3226	3228
3227	3228
3230	3231
3230	3232
3230	3233
3230	3238
3230	3239
3230	3244
3230	3245
3231	3245
3232	3233
3232	3238
3232	3239
3232	3244
3232	3245
3233	3238
3233	3239
3233	3244
3233	3245
3234	3235
3234	3236
3234	3237
3235	3236
3235	3237
3236	3237
3238	3239
3238	3244
3238	3245
3239	3244
3239	3245
3240	3241
3240	3242
3241	3242
3244	3245
3247	4025
3247	4026
3250	3251
3250	3252
3251	3252
3251	5615
3251	5616
3251	5617
3251	5618
3253	3256
3258	3261
3262	3263
3265	3266
3265	3267
3265	3268
3265	3269
3265	3270
3266	3267
3266	3268
3266	3269
3266	3270
3267	3268
3267	3269
3267	3270
3268	3269
3268	3270
3269	3270
3271	3272
3273	3274
3276	3277
3277	3278
3280	3281
3280	3282
3280	3283
3280	3284
3281	3282
3281	3283
3281	3284
3283	3284
3288	3289
3288	3290
3289	3290
3291	3292
3291	3293
3292	3293
3292	3295
3292	3297
3292	3991
3293	3991
3293	3992
3295	3992
3297	5272
3298	3299
3300	3301
3305	3306
3305	4685
3305	4686
3305	4687
3305	4688
3305	4689
3305	5716
3307	3308
3307	3309
3307	3310
3308	3309
3308	3310
3309	3310
3311	3312
3311	3313
3312	3313
3315	3316
3319	3320
3321	3322
3326	3327
3326	3328
3326	3329
3327	3328
3327	3329
3328	3329
3331	3332
3334	3335
3334	3336
3335	3336
3337	3338
3339	3340
3339	3341
3340	3341
3344	3834
3344	3835
3348	3349
3348	3350
3349	3350
3349	3527
3351	3352
3352	3357
3353	3354
3355	3356
3357	3358
3357	3359
3360	3361
3362	3363
3363	4280
3366	3367
3371	3372
3371	3373
3372	3373
3372	3965
3374	3375
3377	3381
3378	3379
3382	3383
3382	3384
3383	3384
3385	3386
3387	3388
3387	3389
3387	3390
3388	3389
3388	3390
3389	3390
3391	3392
3394	3395
3394	3396
3394	3397
3394	3398
3395	3396
3395	3397
3395	3398
3396	3397
3396	3398
3397	3398
3401	3402
3403	5200
3403	5201
3404	4903
3407	3408
3407	3409
3408	3409
3411	3412
3411	3413
3412	3413
3415	3416
3415	3417
3416	3417
3422	3423
3422	3424
3423	3424
3423	3425
3423	3426
3423	3428
3425	3426
3425	3428
3426	3428
3437	3438
3437	5943
3437	5944
3439	3440
3441	3442
3444	3445
3444	3446
3445	3446
3447	3448
3447	3449
3448	3449
3451	4424
3452	3453
3452	3454
3452	3455
3452	3456
3453	3454
3453	3455
3453	3456
3454	3455
3454	3456
3455	3456
3457	3458
3461	3462
3463	3464
3463	3465
3464	3465
3470	3471
3472	3473
3472	3474
3472	3475
3473	3474
3473	3475
3474	3475
3476	3478
3480	3481
3480	3482
3480	3483
3481	3499
3482	3483
3482	3499
3483	3499
3485	3486
3487	3488
3487	3489
3487	3490
3488	3489
3488	3490
3489	3490
3491	3492
3491	3493
3494	3495
3494	3496
3494	3497
3494	3498
3495	3496
3495	3497
3495	3498
3496	3497
3496	3498
3497	3498
3500	3501
3503	3504
3506	3507
3506	3508
3506	3509
3506	3510
3507	3508
3507	3509
3507	3510
3508	3509
3508	3510
3509	3510
3511	3512
3513	3514
3515	3516
3515	3517
3515	3518
3515	3519
3515	5017
3515	5018
3515	5019
3515	5020
3515	5021
3515	5022
3516	3517
3520	3521
3522	3523
3523	3524
3524	4348
3531	3532
3531	3533
3532	3533
3537	3538
3537	3539
3537	3540
3537	3541
3537	3542
3537	3543
3537	3544
3537	3545
3537	3546
3537	3547
3538	3539
3538	3540
3538	3541
3538	3542
3538	3543
3538	3544
3538	3545
3538	3546
3538	3547
3539	3540
3539	3541
3539	3542
3539	3543
3539	3544
3539	3545
3539	3546
3539	3547
3540	3541
3540	3542
3540	3543
3540	3544
3540	3545
3540	3546
3540	3547
3541	3542
3541	3543
3541	3544
3541	3545
3541	3546
3541	3547
3542	3543
3542	3544
3542	3545
3542	3546
3542	3547
3543	3544
3543	3545
3543	3546
3543	3547
3544	3545
3544	3546
3544	3547
3545	3546
3545	3547
3546	3547
3549	3550
3549	3551
3550	3551
3552	3553
3554	3555
3554	3556
3554	3559
3555	3556
3557	3558
3557	3559
3558	3559
3560	3561
3560	5107
3560	5108
3561	3954
3562	3563
3567	4137
3568	3569
3570	3572
3570	3573
3572	3573
3575	3576
3578	3579
3580	3581
3580	3582
3581	3582
3585	3586
3585	3587
3586	3587
3588	3589
3594	3595
3594	3596
3594	3597
3594	3598
3595	3596
3595	3597
3595	3598
3596	3597
3596	3598
3597	3598
3599	3600
3603	3604
3608	3609
3608	3610
3609	3610
3611	3613
3611	3614
3613	3614
3615	3616
3615	5162
3615	5163
3618	3619
3622	3623
3622	3624
3623	3624
3624	4375
3624	4376
3625	3626
3625	3627
3625	3628
3625	3630
3626	3627
3626	3628
3626	3630
3627	3628
3627	3630
3628	3630
3632	3633
3636	3637
3638	3639
3640	3641
3642	3643
3644	3645
3646	3647
3646	3648
3647	3648
3648	3651
3655	3656
3657	3658
3657	3659
3657	3660
3658	3659
3658	3660
3659	3660
3661	3662
3661	3663
3662	3663
3665	3666
3665	3667
3665	3668
3665	3672
3666	3667
3666	3668
3666	3672
3667	3668
3667	3672
3668	3672
3669	3670
3673	3674
3676	3677
3683	3684
3683	3685
3683	3686
3683	3687
3683	3688
3683	3689
3683	3690
3684	3685
3684	3686
3684	3687
3684	3688
3684	3689
3684	3690
3685	3686
3685	3687
3685	3688
3685	3689
3685	3690
3686	3687
3686	3688
3686	3689
3686	3690
3687	3688
3687	3689
3687	3690
3688	3689
3688	3690
3689	3690
3695	3696
3695	3697
3696	3697
3698	3699
3698	3700
3699	3700
3702	3703
3702	3704
3703	3704
3705	4751
3706	3707
3706	3708
3706	3709
3707	3708
3707	3709
3707	3710
3708	3709
3708	3710
3710	3740
3711	3712
3717	3718
3720	3721
3724	3725
3726	3727
3727	3957
3728	3729
3731	3732
3733	3734
3735	3736
3737	3738
3739	3741
3739	3742
3740	5536
3740	5537
3740	5538
3740	5607
3740	5609
3741	3742
3744	3745
3747	3748
3747	3749
3748	3749
3753	3754
3758	3760
3761	3762
3761	3763
3762	3763
3764	3765
3764	3766
3764	3767
3764	3768
3765	3766
3765	3767
3765	3768
3766	3767
3766	3768
3767	3768
3778	3779
3778	3780
3779	3780
3781	3782
3784	3785
3788	3789
3788	3790
3789	3790
3791	3792
3793	3794
3795	3796
3796	3797
3796	3798
3797	3798
3801	4887
3801	4888
3807	3808
3807	3809
3807	3810
3807	3812
3807	3813
3807	3814
3807	3815
3807	3820
3807	3822
3807	3823
3807	3824
3808	3809
3808	3810
3808	3812
3808	3813
3808	3814
3808	3815
3808	3820
3808	3822
3808	3823
3808	3824
3809	3810
3809	3812
3809	3813
3809	3814
3809	3815
3809	3820
3809	3822
3809	3823
3809	3824
3809	4730
3810	3822
3812	3813
3812	3814
3812	3815
3812	3820
3812	3822
3812	3823
3812	3824
3813	3814
3813	3815
3813	3820
3813	3822
3813	3823
3813	3824
3814	3815
3814	3820
3814	3822
3814	3823
3814	3824
3815	3820
3815	3822
3815	3823
3815	3824
3816	3817
3816	3818
3816	3819
3816	3820
3817	3818
3817	3819
3817	3820
3818	3819
3818	3820
3819	3820
3820	3822
3820	3823
3820	3824
3822	3823
3822	3824
3823	3824
3825	3826
3825	3827
3826	3827
3829	3830
3829	3831
3829	3832
3829	4319
3830	3831
3830	3832
3830	4319
3831	3832
3831	4319
3834	3835
3836	3837
3839	3840
3839	3841
3840	3841
3842	3843
3842	3844
3843	3844
3846	3847
3846	3848
3849	3850
3852	3853
3854	3855
3856	3857
3858	3859
3858	3862
3858	3863
3860	3861
3862	3863
3864	3865
3866	3867
3866	3868
3866	3869
3866	3870
3867	3868
3867	3869
3867	3870
3868	3869
3868	3870
3869	3870
3872	3873
3876	3877
3876	3878
3877	3878
3887	3888
3887	3889
3890	3891
3892	3893
3892	3894
3893	3894
3895	3896
3895	3897
3896	3897
3896	3898
3903	3904
3903	3905
3904	3905
3906	3907
3906	5492
3908	3909
3909	5487
3910	5494
3913	3914
3916	3917
3916	3918
3917	3918
3919	3920
3921	3922
3921	3923
3922	3923
3925	3926
3925	3927
3926	3927
3927	5545
3928	3929
3928	3930
3928	3931
3928	3932
3928	3933
3928	3934
3929	3930
3929	3931
3929	3932
3929	3933
3929	3934
3930	3931
3930	3932
3930	3933
3930	3934
3931	3932
3931	3933
3931	3934
3932	3933
3932	3934
3933	3934
3935	3936
3935	3937
3936	3937
3939	3940
3939	3941
3940	3941
3942	3943
3942	3944
3942	3945
3943	3944
3943	3945
3944	3945
3946	3947
3949	3950
3951	3952
3951	3953
3952	3953
3955	3956
3957	3963
3957	3964
3961	3962
3963	3964
3967	3968
3967	3969
3968	3969
3973	3974
3975	3976
3979	3980
3981	3982
3983	3984
3987	3988
3991	3992
3994	3995
3996	3997
3996	3998
3996	3999
3996	4001
3997	3998
3997	3999
3997	4001
3998	3999
4002	4003
4002	4004
4002	4005
4003	4004
4003	4005
4004	4005
4006	4007
4006	4008
4006	4009
4007	4008
4007	4009
4008	4009
4010	4011
4010	4012
4010	4013
4010	4014
4011	4012
4011	4013
4011	4014
4012	4013
4012	4014
4013	4014
4014	4205
4015	4016
4023	4024
4025	4026
4028	4029
4028	5703
4028	5704
4030	4031
4030	5604
4030	5605
4032	4033
4032	4034
4032	4036
4033	4034
4037	4038
4039	4040
4039	4041
4040	4041
4042	4043
4044	4045
4044	4046
4045	4046
4048	4052
4048	4053
4048	4054
4048	4055
4048	4058
4048	4074
4048	4077
4048	4079
4049	4050
4052	4053
4052	4054
4052	4077
4053	4054
4053	4077
4054	4055
4054	4058
4054	4077
4054	4078
4054	4079
4055	4058
4055	4079
4058	4079
4059	4060
4059	4061
4060	4061
4083	4084
4083	4085
4083	4086
4083	4087
4083	4088
4083	4089
4083	4090
4084	4085
4084	4086
4084	4087
4084	4088
4084	4089
4084	4090
4085	4086
4085	4087
4085	4088
4085	4089
4085	4090
4086	4087
4086	4088
4086	4089
4086	4090
4087	4088
4087	4089
4087	4090
4088	4089
4088	4090
4089	4090
4091	4092
4093	4094
4093	4095
4094	4095
4099	4100
4104	4105
4104	4106
4105	4106
4108	4109
4114	4116
4120	4121
4120	4126
4120	4127
4120	4128
4120	4129
4120	4130
4120	4131
4122	4123
4122	4124
4123	4124
4126	4127
4126	4128
4126	4129
4126	4130
4126	4131
4127	4128
4127	4129
4127	4130
4127	4131
4128	4129
4128	4130
4128	4131
4129	4130
4129	4131
4130	4131
4132	4133
4132	4134
4132	4135
4133	4134
4133	4135
4134	4135
4138	4139
4138	4140
4138	4141
4138	4142
4139	4140
4139	4141
4139	4142
4140	4141
4140	4142
4141	4142
4149	4150
4152	4153
4154	4155
4154	4159
4154	4160
4156	4157
4156	4158
4157	4158
4159	4160
4169	4170
4169	4171
4170	4171
4174	4175
4174	4176
4174	4177
4174	4178
4175	4176
4175	4177
4175	4178
4176	4177
4176	4178
4177	4178
4180	4181
4180	4182
4181	4182
4183	4184
4185	4186
4185	4187
4186	4187
4190	4191
4192	4193
4192	4194
4192	4195
4193	4194
4193	4195
4193	4198
4193	4199
4193	5840
4193	5841
4193	5842
4194	4195
4194	4198
4194	4199
4195	4198
4195	4199
4198	4199
4202	4203
4206	4207
4206	4208
4206	4209
4207	4209
4210	4211
4215	4216
4215	4217
4216	4217
4223	4224
4223	4225
4224	4225
4228	4229
4228	4230
4229	4230
4231	4232
4233	4234
4235	4236
4235	4237
4236	4237
4240	4241
4241	4243
4241	4245
4243	4245
4246	4247
4246	4248
4247	4248
4255	4256
4257	4258
4257	4259
4258	4259
4260	4261
4260	4262
4261	4262
4263	4264
4263	4265
4263	4266
4263	4267
4264	4265
4264	4266
4264	4267
4265	4266
4265	4267
4266	4267
4271	4272
4286	4287
4286	4288
4286	4289
4286	4293
4287	4288
4287	4289
4288	4289
4288	4293
4291	4292
4294	4295
4299	4300
4302	4303
4305	4306
4307	4308
4321	4322
4321	4323
4321	4324
4321	4325
4322	4323
4322	4324
4322	4325
4323	4324
4323	4325
4324	4325
4326	4327
4326	4329
4326	4330
4326	4331
4326	4332
4326	4333
4326	4334
4326	4335
4326	4336
4326	4337
4326	4338
4326	4339
4326	4340
4326	4341
4326	4342
4326	4343
4326	4344
4326	4345
4326	4346
4327	4329
4327	4330
4327	4331
4327	4332
4327	4333
4327	4334
4327	4335
4327	4336
4327	4337
4327	4338
4327	4339
4327	4340
4327	4341
4327	4342
4327	4343
4327	4344
4327	4345
4327	4346
4329	4330
4329	4331
4329	4332
4329	4333
4329	4334
4329	4335
4329	4336
4329	4337
4329	4338
4329	4339
4329	4340
4329	4341
4329	4342
4329	4343
4329	4344
4329	4345
4329	4346
4330	4331
4330	4332
4330	4333
4330	4334
4330	4335
4330	4336
4330	4337
4330	4338
4330	4339
4330	4340
4330	4341
4330	4342
4330	4343
4330	4344
4330	4345
4330	4346
4331	4332
4331	4333
4331	4334
4331	4335
4331	4336
4331	4337
4331	4338
4331	4339
4331	4340
4331	4341
4331	4342
4331	4343
4331	4344
4331	4345
4331	4346
4332	4333
4332	4334
4332	4335
4332	4336
4332	4337
4332	4338
4332	4339
4332	4340
4332	4341
4332	4342
4332	4343
4332	4344
4332	4345
4332	4346
4333	4334
4333	4335
4333	4336
4333	4337
4333	4338
4333	4339
4333	4340
4333	4341
4333	4342
4333	4343
4333	4344
4333	4345
4333	4346
4334	4335
4334	4336
4334	4337
4334	4338
4334	4339
4334	4340
4334	4341
4334	4342
4334	4343
4334	4344
4334	4345
4334	4346
4335	4336
4335	4337
4335	4338
4335	4339
4335	4340
4335	4341
4335	4342
4335	4343
4335	4344
4335	4345
4335	4346
4336	4337
4336	4338
4336	4339
4336	4340
4336	4341
4336	4342
4336	4343
4336	4344
4336	4345
4336	4346
4337	4338
4337	4339
4337	4340
4337	4341
4337	4342
4337	4343
4337	4344
4337	4345
4337	4346
4338	4339
4338	4340
4338	4341
4338	4342
4338	4343
4338	4344
4338	4345
4338	4346
4339	4340
4339	4341
4339	4342
4339	4343
4339	4344
4339	4345
4339	4346
4340	4341
4340	4342
4340	4343
4340	4344
4340	4345
4340	4346
4341	4342
4341	4343
4341	4344
4341	4345
4341	4346
4342	4343
4342	4344
4342	4345
4342	4346
4343	4344
4343	4345
4343	4346
4344	4345
4344	4346
4345	4346
4349	4350
4349	4351
4350	4351
4353	4354
4358	4359
4360	4361
4360	4362
4361	4362
4363	4364
4368	4369
4368	4370
4369	4370
4372	4373
4375	4376
4377	4378
4377	4379
4378	4379
4382	4383
4382	4384
4383	4384
4386	4387
4394	4395
4397	4398
4399	4400
4399	4401
4399	4402
4399	4405
4400	4401
4400	4402
4400	4403
4400	4404
4400	4405
4401	4402
4401	4405
4402	4405
4403	4404
4403	4405
4404	4405
4406	4407
4406	4408
4411	4412
4415	4416
4419	4420
4419	4421
4420	4421
4427	4428
4427	4438
4427	4439
4428	4438
4428	4439
4430	4431
4430	4432
4431	4432
4436	4437
4438	4439
4440	4441
4443	4446
4443	4447
4443	4448
4443	4449
4443	4452
4443	4453
4446	4447
4446	4448
4446	4449
4446	4452
4446	4453
4447	4448
4447	4449
4447	4452
4447	4453
4448	4449
4448	4452
4448	4453
4449	4452
4449	4453
4450	4451
4452	4453
4456	4457
4458	4459
4458	4460
4458	4461
4458	4462
4459	4460
4459	4461
4459	4462
4460	4461
4460	4462
4461	4462
4466	4467
4466	4468
4466	4469
4466	4470
4466	4471
4467	4468
4467	4469
4467	4470
4468	4469
4468	4470
4468	4471
4469	4470
4469	4471
4476	4477
4476	4478
4477	4478
4479	4480
4479	4481
4480	4481
4482	4844
4483	4848
4484	4485
4484	4486
4485	4486
4488	4489
4490	4491
4490	5737
4494	4495
4494	4496
4495	4496
4496	4497
4496	4498
4497	4498
4502	4503
4506	4507
4508	4509
4510	4511
4512	4513
4517	4518
4517	4519
4518	4519
4520	4521
4520	4522
4521	4522
4525	4526
4527	4528
4531	4532
4534	4535
4537	4538
4537	4539
4537	4540
4538	4539
4538	4540
4539	4540
4541	4542
4545	4546
4545	4547
4546	4547
4548	4549
4549	4557
4550	4551
4550	4552
4551	4552
4558	4559
4559	4565
4561	4563
4561	4564
4563	4564
4570	4571
4570	4572
4570	4573
4570	4574
4570	4575
4571	4572
4572	4576
4573	4574
4573	4575
4574	4575
4576	4577
4576	4578
4577	4578
4581	4582
4587	4596
4588	4589
4590	4591
4594	4595
4594	4597
4594	4598
4594	4599
4594	4600
4595	4597
4595	4598
4595	4599
4595	4600
4597	4598
4597	4599
4597	4600
4598	4599
4598	4600
4599	4600
4606	4607
4606	4608
4606	4609
4606	4610
4607	4608
4607	4609
4607	4610
4608	4609
4608	4610
4609	4610
4612	4613
4615	4616
4615	4617
4615	4618
4615	4624
4615	4625
4615	4626
4615	4627
4615	4638
4616	4617
4616	4618
4617	4618
4617	4624
4617	4625
4617	4626
4617	4627
4617	4638
4618	4624
4618	4625
4618	4626
4618	4627
4618	4638
4619	4620
4619	4621
4619	4622
4619	4623
4619	4624
4620	4621
4620	4622
4620	4623
4620	4624
4621	4622
4621	4623
4621	4624
4622	4623
4622	4624
4623	4624
4624	4625
4624	4626
4624	4627
4624	4638
4625	4626
4625	4627
4625	4638
4626	4627
4626	4638
4627	4638
4629	4630
4629	4631
4629	4632
4629	4633
4629	4634
4630	4631
4630	4632
4630	4633
4630	4634
4631	4632
4631	4633
4631	4634
4632	4633
4632	4634
4633	4634
4640	4641
4642	4643
4642	4644
4642	4645
4642	4646
4643	4644
4643	4645
4643	4646
4644	4645
4644	4646
4645	4646
4646	4647
4650	4651
4653	4654
4654	4655
4654	4656
4655	4656
4659	4660
4661	4663
4661	4664
4661	4665
4661	4666
4661	4667
4663	4664
4663	4665
4663	4666
4663	4667
4664	4665
4664	4666
4664	4667
4665	4666
4665	4667
4666	4667
4668	4669
4670	4671
4675	4681
4683	4684
4685	4686
4685	4687
4685	4688
4685	4689
4685	5716
4685	5720
4686	4687
4686	4688
4686	4689
4687	4688
4687	4689
4688	4689
4689	5677
4689	5678
4689	5679
4689	5680
4689	5681
4689	5686
4689	5828
4693	4694
4693	4695
4693	4696
4693	4697
4693	4698
4694	4695
4694	4696
4694	4697
4694	4698
4695	4696
4695	4697
4695	4698
4697	4698
4699	4700
4699	4701
4699	4702
4700	4701
4700	4702
4701	4702
4705	4706
4705	4707
4706	4707
4709	4710
4709	4711
4710	4711
4714	4715
4717	4718
4717	5692
4718	5692
4720	4721
4725	4726
4727	4728
4727	4729
4727	4731
4728	4729
4728	4731
4729	4731
4733	4734
4735	4736
4737	4738
4737	4741
4737	4742
4737	5473
4737	5474
4738	4741
4738	4742
4738	5473
4738	5474
4738	5476
4738	5479
4739	4740
4741	4742
4744	4745
4744	4746
4744	4747
4745	4746
4745	4747
4746	4747
4749	4750
4752	4753
4752	4754
4752	4755
4753	4754
4757	4758
4757	4759
4758	4759
4758	4760
4758	4761
4758	4762
4760	4761
4760	4762
4761	4762
4769	4770
4774	4775
4776	4777
4778	4779
4778	4780
4779	4780
4779	4784
4779	4785
4782	4783
4784	4785
4786	4787
4789	4790
4789	4791
4789	4792
4790	4791
4790	4792
4791	4792
4793	4794
4793	4795
4794	4795
4796	4797
4796	4798
4797	4798
4799	4800
4799	4801
4800	4801
4802	4803
4804	4805
4806	4807
4806	4808
4806	4809
4807	4808
4807	4809
4808	4809
4811	4812
4811	4813
4811	4814
4812	4813
4812	4814
4813	4814
4815	4816
4817	4818
4819	4820
4819	4821
4820	4821
4822	4823
4826	4827
4826	4828
4826	4829
4826	4830
4826	4831
4827	4828
4827	4829
4828	4829
4830	4831
4831	4832
4837	4838
4837	4839
4838	4839
4849	4850
4849	4851
4849	4852
4850	4851
4850	4852
4851	4852
4855	4856
4855	4857
4855	4858
4855	4859
4855	4860
4856	4857
4856	4858
4856	4859
4856	4860
4857	4858
4857	4859
4857	4860
4857	5860
4858	4859
4858	4860
4859	4860
4866	4867
4866	4868
4866	4869
4867	4868
4868	4869
4870	4871
4870	4872
4870	4875
4871	4872
4871	4875
4872	4875
4876	4877
4876	4878
4876	4879
4877	4878
4877	4879
4878	4879
4882	4883
4885	4886
4887	4888
4890	4891
4890	4892
4891	4892
4894	4895
4894	4896
4895	4896
4896	4897
4896	4898
4897	4898
4904	4905
4908	4909
4910	4911
4910	4912
4910	4913
4911	4912
4911	4913
4911	4917
4912	4913
4912	4917
4913	4917
4914	4915
4914	4916
4915	4916
4920	4921
4923	5578
4923	5579
4926	4927
4926	4928
4927	4928
4927	4929
4928	4929
4930	4931
4933	4934
4937	4938
4938	4943
4939	4940
4941	4942
4944	4945
4947	4948
4949	4950
4949	4951
4949	4952
4949	4953
4950	4951
4950	4952
4950	4953
4951	4952
4951	4953
4952	4953
4954	4955
4961	4962
4964	4965
4968	4969
4972	4973
4972	4974
4973	4974
4973	4975
4973	4976
4973	4977
4973	4978
4975	4976
4975	4977
4975	4978
4976	4977
4976	4978
4977	4978
4981	4982
4984	4985
4986	4987
4986	4988
4986	4989
4986	4990
4986	4991
4986	4992
4986	4993
4987	4988
4987	4989
4987	4990
4987	4991
4987	4992
4987	4993
4988	4989
4988	4990
4988	4991
4988	4992
4988	4993
4989	4990
4989	4991
4989	4992
4989	4993
4990	4991
4990	4992
4990	4993
4991	4992
4991	4993
4992	4993
4994	4995
4996	4997
5000	5001
5000	5002
5001	5002
5006	5007
5008	5009
5012	5013
5014	5015
5014	5016
5015	5016
5017	5018
5017	5019
5017	5020
5017	5021
5017	5022
5018	5019
5018	5020
5018	5021
5018	5022
5019	5020
5019	5021
5019	5022
5020	5021
5020	5022
5021	5022
5023	5024
5025	5027
5025	5028
5025	5029
5025	5030
5026	5027
5026	5028
5027	5028
5029	5030
5029	5031
5030	5031
5032	5033
5034	5035
5034	5623
5037	5054
5038	5039
5038	5040
5038	5041
5038	5042
5038	5043
5038	5044
5039	5040
5039	5041
5039	5042
5039	5043
5039	5044
5040	5041
5040	5042
5040	5043
5040	5044
5041	5042
5041	5043
5041	5044
5042	5043
5042	5044
5043	5044
5056	5060
5057	5058
5060	5061
5062	5063
5062	5064
5063	5064
5065	5066
5065	5067
5066	5067
5068	5069
5068	5070
5068	5071
5069	5070
5069	5071
5070	5071
5072	5073
5073	5808
5073	5809
5073	5810
5073	5811
5079	5080
5079	5081
5082	5083
5084	5085
5084	5086
5084	5088
5085	5086
5086	5088
5089	5090
5091	5092
5093	5094
5093	5095
5093	5096
5093	5097
5093	5098
5094	5095
5094	5096
5094	5097
5094	5098
5095	5096
5095	5097
5095	5098
5096	5097
5096	5098
5097	5098
5099	5100
5101	5102
5103	5104
5103	5105
5103	5106
5104	5105
5104	5106
5105	5106
5107	5108
5109	5110
5109	5111
5109	5112
5110	5111
5110	5112
5111	5112
5112	5113
5117	5118
5117	5119
5117	5120
5117	5121
5118	5119
5118	5120
5118	5121
5118	5127
5118	5128
5118	5129
5119	5120
5119	5121
5120	5121
5123	5124
5127	5128
5127	5129
5128	5129
5131	5132
5135	5136
5135	5137
5135	5138
5136	5137
5136	5138
5137	5138
5139	5140
5139	5141
5140	5141
5142	5143
5142	5144
5143	5144
5146	5148
5150	5151
5150	5152
5151	5152
5153	5154
5158	5159
5158	5160
5158	5161
5159	5160
5159	5161
5160	5161
5162	5163
5165	5166
5165	5167
5166	5167
5168	5169
5171	5172
5171	5173
5172	5173
5174	5175
5174	5176
5175	5176
5182	5183
5186	5187
5189	5190
5189	5191
5189	5192
5190	5191
5190	5192
5191	5192
5198	5199
5200	5201
5202	5773
5208	5210
5208	5211
5209	5693
5210	5211
5212	5214
5214	5229
5214	5230
5218	5219
5221	5222
5229	5230
5236	5237
5238	5239
5240	5241
5242	5243
5248	5249
5248	5250
5249	5250
5256	5257
5256	5258
5257	5258
5259	5260
5259	5261
5259	5262
5260	5261
5260	5262
5261	5262
5264	5265
5265	5266
5280	5281
5280	5282
5281	5282
5291	5292
5291	5293
5291	5294
5291	5295
5292	5293
5292	5294
5292	5295
5293	5294
5293	5295
5294	5295
5297	5298
5297	5300
5297	5301
5298	5299
5298	5300
5298	5301
5299	5300
5299	5301
5299	5539
5300	5301
5301	5539
5302	5303
5306	5307
5308	5311
5308	5312
5308	5313
5308	5314
5309	5310
5311	5312
5311	5313
5312	5313
5320	5321
5320	5322
5321	5322
5323	5324
5333	5334
5333	5335
5334	5335
5336	5337
5336	5338
5337	5338
5340	5341
5340	5342
5340	5343
5341	5342
5341	5343
5342	5343
5348	5351
5352	5353
5352	5354
5353	5354
5358	5359
5361	5362
5361	5363
5362	5363
5365	5366
5365	5367
5365	5369
5366	5367
5366	5368
5366	5369
5367	5369
5372	5373
5374	5375
5374	5376
5375	5376
5378	5379
5378	5380
5378	5383
5378	5418
5378	5421
5378	5422
5378	5423
5379	5380
5380	5383
5384	5385
5386	5387
5392	5393
5392	5394
5393	5394
5397	5398
5406	5407
5406	5408
5407	5408
5410	5411
5412	5413
5421	5422
5421	5423
5422	5423
5433	5434
5437	5438
5439	5440
5439	5441
5444	5445
5447	5448
5449	5450
5451	5452
5464	5465
5464	5466
5465	5466
5468	5469
5468	5470
5469	5470
5473	5474
5476	5479
5478	5479
5481	5482
5484	5485
5484	5486
5485	5486
5495	5496
5504	5505
5506	5507
5506	5508
5507	5508
5510	5512
5523	5524
5525	5526
5525	5527
5526	5527
5528	5529
5528	5530
5528	5531
5528	5532
5529	5530
5529	5531
5529	5532
5530	5531
5530	5532
5530	5534
5531	5532
5536	5537
5536	5538
5537	5538
5548	5549
5551	5552
5553	5554
5555	5556
5555	5557
5556	5557
5559	5560
5559	5561
5560	5561
5563	5564
5563	5565
5563	5566
5563	5567
5564	5565
5564	5566
5564	5567
5565	5566
5565	5567
5566	5567
5568	5569
5571	5572
5573	5574
5573	5575
5574	5575
5578	5579
5579	5580
5583	5584
5583	5585
5584	5585
5590	5591
5590	5592
5590	5593
5590	5594
5591	5592
5591	5593
5591	5594
5592	5593
5592	5594
5593	5594
5595	5596
5595	5597
5595	5598
5596	5597
5596	5598
5597	5598
5600	5601
5600	5602
5601	5602
5604	5605
5607	5608
5607	5609
5609	5610
5609	5611
5610	5611
5612	5613
5612	5614
5613	5614
5615	5616
5615	5617
5615	5618
5616	5617
5616	5618
5617	5618
5620	5621
5625	5626
5627	5628
5627	5629
5628	5629
5630	5631
5630	5632
5630	5633
5631	5632
5631	5633
5632	5633
5635	5636
5635	5637
5635	5638
5635	5639
5636	5637
5636	5638
5636	5639
5637	5638
5637	5639
5638	5639
5639	5640
5641	5642
5647	5648
5647	5649
5648	5649
5648	5650
5649	5650
5649	5654
5652	5653
5657	5658
5663	5664
5663	5665
5663	5666
5664	5665
5664	5666
5665	5666
5667	5668
5672	5673
5672	5674
5672	5675
5672	5676
5673	5674
5673	5675
5673	5676
5674	5675
5674	5676
5675	5676
5677	5678
5677	5679
5677	5680
5677	5681
5678	5679
5678	5680
5678	5681
5679	5680
5679	5681
5679	5686
5680	5681
5680	5686
5681	5686
5682	5683
5682	5687
5683	5687
5684	5685
5687	5688
5689	5690
5695	5696
5695	5697
5696	5697
5699	5700
5701	5702
5703	5704
5705	5706
5705	5707
5706	5707
5711	5712
5716	5717
5716	5718
5716	5719
5717	5718
5717	5719
5718	5719
5720	5721
5721	5722
5730	5731
5739	5740
5739	5741
5740	5741
5740	5835
5741	5835
5742	5743
5742	5744
5743	5744
5745	5746
5745	5749
5746	5749
5750	5751
5750	5752
5750	5753
5751	5752
5751	5753
5752	5753
5754	5755
5757	5758
5760	5761
5765	5766
5765	5767
5765	5768
5766	5767
5766	5768
5767	5768
5771	5772
5775	5776
5777	5778
5779	5780
5779	5781
5780	5781
5785	5786
5785	5787
5785	5788
5786	5787
5786	5788
5787	5788
5791	5792
5791	5793
5791	5794
5791	5796
5792	5793
5792	5794
5793	5794
5799	5800
5801	5802
5803	5804
5807	5808
5808	5809
5808	5810
5808	5811
5809	5810
5809	5811
5810	5811
5812	5813
5812	5814
5813	5814
5815	5816
5818	5819
5820	5821
5820	5822
5824	5825
5824	5826
5824	5827
5825	5826
5825	5827
5826	5827
5830	5831
5830	5832
5831	5832
5833	5834
5840	5841
5840	5842
5840	5844
5841	5842
5842	5844
5846	5847
5851	5852
5851	5853
5851	5854
5851	5855
5852	5853
5852	5854
5852	5855
5853	5854
5853	5855
5854	5855
5856	5857
5856	5858
5857	5858
5857	5905
5857	5906
5861	5862
5866	5867
5866	5868
5866	5869
5866	5870
5867	5868
5867	5869
5867	5870
5868	5869
5868	5870
5871	5872
5873	5875
5876	5877
5878	5879
5878	5880
5879	5880
5881	5882
5881	5883
5882	5883
5885	5886
5888	5889
5891	5892
5893	5894
5897	5898
5897	5899
5897	5900
5898	5899
5898	5900
5899	5900
5901	5902
5905	5906
5909	5910
5911	5912
5911	5913
5912	5913
5916	5917
5919	5920
5919	5921
5920	5921
5923	5924
5926	5927
5926	5928
5927	5928
5932	5933
5932	5934
5933	5934
5935	5936
5935	5937
5935	5938
5935	5939
5935	5940
5935	5941
5936	5937
5936	5938
5936	5939
5936	5940
5936	5941
5936	5942
5937	5938
5937	5939
5937	5940
5937	5941
5938	5939
5938	5940
5938	5941
5939	5940
5939	5941
5940	5941
5943	5944
5945	5946
5947	5948
5951	5952
5951	5953
5951	5954
5952	5953
5952	5954
5953	5954
5955	5956
5955	5957
5956	5957
5956	5958
5956	5959
5956	5960
5958	5959
5958	5960
5959	5960
5961	5962
5961	5963
5962	5963
5967	5968
5967	5991
5970	5971
5974	5975
5976	5977
5982	5983
5982	5984
5983	5984
5992	5993
5992	5994
5992	5995
5992	5996
5992	5997
5992	5998
5992	5999
5992	6000
5992	6001
5992	6002
5992	6003
5992	6004
5992	6005
5993	5994
5993	5995
5993	5996
5993	5997
5993	5998
5993	5999
5993	6000
5993	6001
5993	6002
5993	6003
5993	6004
5993	6005
5994	5995
5994	5996
5994	5997
5994	5998
5994	5999
5994	6000
5994	6001
5994	6002
5994	6003
5994	6004
5994	6005
5995	5996
5995	5997
5995	5998
5995	5999
5995	6000
5995	6001
5995	6002
5995	6003
5995	6004
5995	6005
5996	5997
5996	5998
5996	5999
5996	6000
5996	6001
5996	6002
5996	6003
5996	6004
5996	6005
5997	5998
5997	5999
5997	6000
5997	6001
5997	6002
5997	6003
5997	6004
5997	6005
5998	5999
5998	6000
5998	6001
5998	6002
5998	6003
5998	6004
5998	6005
5999	6000
5999	6001
5999	6002
5999	6003
5999	6004
5999	6005
6000	6001
6000	6002
6000	6003
6000	6004
6000	6005
6001	6002
6001	6003
6001	6004
6001	6005
6002	6003
6002	6004
6002	6005
6003	6004
6003	6005
6004	6005
