             precision    recall  f1-score   support

        eve       0.36      0.30      0.33        33
        art       0.23      0.18      0.20        49
        org       0.70      0.69      0.69      2061
        geo       0.84      0.90      0.87      3720
        nat       0.31      0.41      0.35        22
        gpe       0.95      0.93      0.94      1591
        per       0.77      0.79      0.78      1677
        tim       0.87      0.85      0.86      2148

avg / total       0.82      0.83      0.83     11301
